# x y z exact_flux predicted_flux abs_error
4.8772580504032069e-02 4.8036798991923880e-03 4.9759236333609846e-01 -2.6450024105825039e-02 -2.6871952393585495e-02 4.2192828776045632e-04
4.6898277587240376e-02 1.4226436972985921e-02 4.9759236333609846e-01 -7.8901771713950269e-02 -7.9202888334716268e-02 3.0111662076599821e-04
4.3221700163628113e-02 2.3102480052185379e-02 4.9759236333609846e-01 -1.2897833204577411e-01 -1.2917021178947272e-01 1.9187974369860861e-04
3.7884137041736328e-02 3.1090707778999430e-02 4.9759236333609846e-01 -1.7457022704769762e-01 -1.7466747958858961e-01 9.7252540891989980e-05
3.1090707778999430e-02 3.7884137041736328e-02 4.9759236333609846e-01 -2.1369982173842691e-01 -2.1371939786549465e-01 1.9576127067738591e-05
2.3102480052185390e-02 4.3221700163628113e-02 4.9759236333609846e-01 -2.4463714170886169e-01 -2.4459765559166549e-01 3.9486117196202430e-05
1.4226436972985921e-02 4.6898277587240383e-02 4.9759236333609846e-01 -2.6600317792239581e-01 -2.6592424587880908e-01 7.8932043586721345e-05
4.8036798991923958e-03 4.8772580504032062e-02 4.9759236333609846e-01 -2.7685030894097318e-01 -2.7675195776269329e-01 9.8351178279887375e-05
1.4444343859530451e-01 1.4226436972985921e-02 4.7847016786610441e-01 -7.7443279661459336e-02 -7.7799668851097570e-02 3.5638918963823429e-04
1.3889255825490054e-01 4.2132596924363677e-02 4.7847016786610441e-01 -2.3495092651580368e-01 -2.3502875941225274e-01 7.7832896449053779e-05
1.2800411479260479e-01 6.8419624804170728e-02 4.7847016786610441e-01 -3.8954146373018939e-01 -3.8937382840527063e-01 1.6763532491875788e-04
1.1219654498436386e-01 9.2077324872921126e-02 4.7847016786610441e-01 -5.3299687772549798e-01 -5.3262034266822689e-01 3.7653505727108794e-04
9.2077324872921126e-02 1.1219654498436386e-01 4.7847016786610441e-01 -6.5728992722786106e-01 -6.5675105774429499e-01 5.3886948356607345e-04
6.8419624804170742e-02 1.2800411479260479e-01 4.7847016786610441e-01 -7.5543717656352616e-01 -7.5478981348867225e-01 6.4736307485391276e-04
4.2132596924363677e-02 1.3889255825490054e-01 4.7847016786610441e-01 -8.2216291550747567e-01 -8.2145852286196830e-01 7.0439264550736791e-04
1.4226436972985946e-02 1.4444343859530448e-01 4.7847016786610441e-01 -8.5427007722849191e-01 -8.5354770824296600e-01 7.2236898552591189e-04
2.3456341634617300e-01 2.3102480052185379e-02 4.4096063217417752e-01 -1.2235026070279197e-01 -1.2286147750430984e-01 5.1121680151787474e-04
2.2554927580066894e-01 6.8419624804170728e-02 4.4096063217417752e-01 -3.7886664389435831e-01 -3.7906310048397251e-01 1.9645658961420231e-04
2.0786740307563631e-01 1.1110744174509944e-01 4.4096063217417752e-01 -6.3797838016709352e-01 -6.3785603816935876e-01 1.2234199773475396e-04
1.8219730262378964e-01 1.4952546200953518e-01 4.4096063217417752e-01 -8.8187415609402364e-01 -8.8145143745062249e-01 4.2271864340115428e-04
1.4952546200953518e-01 1.8219730262378964e-01 4.4096063217417752e-01 -1.0930637305308002e+00 -1.0924265946391702e+00 6.3713589162994744e-04
1.1110744174509948e-01 2.0786740307563628e-01 4.4096063217417752e-01 -1.2570592258484088e+00 -1.2563360839764499e+00 7.2314187195887669e-04
6.8419624804170728e-02 2.2554927580066897e-01 4.4096063217417752e-01 -1.3641379759797019e+00 -1.3634428827380927e+00 6.9509324160921260e-04
2.3102480052185421e-02 2.3456341634617298e-01 4.4096063217417752e-01 -1.4098791601302092e+00 -1.4092663898333568e+00 6.1277029685236073e-04
3.1566925355153747e-01 3.1090707778999430e-02 3.8650522668136850e-01 -1.5830088472621068e-01 -1.5906758111083069e-01 7.6669638462001366e-04
3.0353826116690874e-01 9.2077324872921126e-02 3.8650522668136850e-01 -5.0199758469489497e-01 -5.0247700386866256e-01 4.7941917376759235e-04
2.7974246363185373e-01 1.4952546200953518e-01 3.8650522668136850e-01 -8.5946500914004986e-01 -8.5953727043692774e-01 7.2261296877873527e-05
2.4519632010080761e-01 2.0122741949596792e-01 3.8650522668136850e-01 -1.1993607368251451e+00 -1.1989892123291941e+00 3.7152449595101444e-04
2.0122741949596792e-01 2.4519632010080761e-01 3.8650522668136850e-01 -1.4912477968088900e+00 -1.4905862219650268e+00 6.6157484386319965e-04
1.4952546200953520e-01 2.7974246363185373e-01 3.8650522668136850e-01 -1.7114747602592155e+00 -1.7107609168191797e+00 7.1384344003577738e-04
9.2077324872921126e-02 3.0353826116690880e-01 3.8650522668136850e-01 -1.8464876298467916e+00 -1.8459019446505702e+00 5.8568519622137494e-04
3.1090707778999482e-02 3.1566925355153741e-01 3.8650522668136850e-01 -1.8930165883156669e+00 -1.8926154140689877e+00 4.0117424667918122e-04
3.8464409837227320e-01 3.7884137041736328e-02 3.1719664208182274e-01 -1.8434449539063069e-01 -1.8535075471428455e-01 1.0062593236538631e-03
3.6986244138272223e-01 1.1219654498436386e-01 3.1719664208182274e-01 -5.9982460923194392e-01 -6.0057079059673668e-01 7.4618136479276398e-04
3.4086717819208007e-01 1.8219730262378964e-01 3.1719664208182274e-01 -1.0442418728718359e+00 -1.0444708733568140e+00 2.2900048497809244e-04
2.9877258050403210e-01 2.4519632010080761e-01 3.1719664208182274e-01 -1.4696656566736985e+00 -1.4692879850027736e+00 3.7767167092495058e-04
2.4519632010080761e-01 2.9877258050403210e-01 3.1719664208182274e-01 -1.8302814013867528e+00 -1.8295393750844489e+00 7.4202630230391087e-04
1.8219730262378969e-01 3.4086717819208001e-01 3.1719664208182274e-01 -2.0926550399753450e+00 -2.0918613357024629e+00 7.9370427288205647e-04
1.1219654498436386e-01 3.6986244138272228e-01 3.1719664208182274e-01 -2.2407847152922726e+00 -2.2400915749509909e+00 6.9314034128176161e-04
3.7884137041736390e-02 3.8464409837227320e-01 3.1719664208182274e-01 -2.2752112396855080e+00 -2.2745881435929571e+00 6.2309609255084553e-04
4.3883728620345797e-01 4.3221700163628113e-02 2.3569836841299890e-01 -2.0125654072043411e-01 -2.0247714141488457e-01 1.2206006944504577e-03
4.2197301539744442e-01 1.2800411479260479e-01 2.3569836841299890e-01 -6.7133422376802632e-01 -6.7229464317663146e-01 9.6041940860513986e-04
3.8889255825490054e-01 2.0786740307563628e-01 2.3569836841299890e-01 -1.1866028423675499e+00 -1.1869596593519025e+00 3.5681698435263698e-04
3.4086717819208001e-01 2.7974246363185373e-01 2.3569836841299890e-01 -1.6818817703914311e+00 -1.6815271812301027e+00 3.5458916132835583e-04
2.7974246363185373e-01 3.4086717819208001e-01 2.3569836841299890e-01 -2.0957750428582003e+00 -2.0950445699962073e+00 7.3047286199301453e-04
2.0786740307563636e-01 3.8889255825490049e-01 2.3569836841299890e-01 -2.3857784778689655e+00 -2.3849932972851731e+00 7.8518058379239974e-04
1.2800411479260479e-01 4.2197301539744447e-01 2.3569836841299890e-01 -2.5349345553894880e+00 -2.5340935099904023e+00 8.4104539908569365e-04
4.3221700163628182e-02 4.3883728620345791e-01 2.3569836841299890e-01 -2.5492969313321390e+00 -2.5481350601610391e+00 1.1618711710998930e-03
4.7616620322862935e-01 4.6898277587240383e-02 1.4514233862723117e-01 -2.1084663667303097e-01 -2.1232087325836574e-01 1.4742365853347705e-03
4.5786740307563634e-01 1.3889255825490054e-01 1.4514233862723117e-01 -7.1757976209075180e-01 -7.1879684329720872e-01 1.2170812064569159e-03
4.2197301539744453e-01 2.2554927580066897e-01 1.4514233862723117e-01 -1.2832410606102076e+00 -1.2838357301779610e+00 5.9466956775344748e-04
3.6986244138272228e-01 3.0353826116690880e-01 1.4514233862723117e-01 -1.8281729786289631e+00 -1.8280503733327664e+00 1.2260529619667615e-04
3.0353826116690880e-01 3.6986244138272228e-01 1.4514233862723117e-01 -2.2781456434914480e+00 -2.2777135554338277e+00 4.3208805762029456e-04
2.2554927580066905e-01 4.2197301539744447e-01 1.4514233862723117e-01 -2.5836620222418434e+00 -2.5832015243849922e+00 4.6049785685120526e-04
1.3889255825490054e-01 4.5786740307563639e-01 1.4514233862723117e-01 -2.7278059805426724e+00 -2.7271213720300294e+00 6.8460851264307010e-04
4.6898277587240460e-02 4.7616620322862929e-01 1.4514233862723117e-01 -2.7220149964162950e+00 -2.7205421282360955e+00 1.4728681801994270e-03
4.9519632010080761e-01 4.8772580504032062e-02 4.9008570164780385e-02 -2.1503885823929889e-01 -2.1693557412984008e-01 1.8967158905411896e-03
4.7616620322862924e-01 1.4444343859530448e-01 4.9008570164780385e-02 -7.4016839794758293e-01 -7.4188614301839939e-01 1.7177450708164566e-03
4.3883728620345797e-01 2.3456341634617298e-01 4.9008570164780385e-02 -1.3321045278019870e+00 -1.3332537688964174e+00 1.1492410944304865e-03
3.8464409837227320e-01 3.1566925355153741e-01 4.9008570164780385e-02 -1.9028899909950578e+00 -1.9033776876289707e+00 4.8769663391290408e-04
3.1566925355153741e-01 3.8464409837227320e-01 4.9008570164780385e-02 -2.3710194944545067e+00 -2.3712745805930155e+00 2.5508613850888651e-04
2.3456341634617306e-01 4.3883728620345791e-01 4.9008570164780385e-02 -2.6831900877184132e+00 -2.6834377856560661e+00 2.4769793765289094e-04
1.4444343859530448e-01 4.7616620322862929e-01 4.9008570164780385e-02 -2.8227750327243784e+00 -2.8226982153519731e+00 7.6817372405280082e-05
4.8772580504032145e-02 4.9519632010080755e-01 4.9008570164780385e-02 -2.8045216589219630e+00 -2.8033611009321882e+00 1.1605579897748797e-03
4.9008570164780302e-02 2.4076366639015569e-03 9.9879545620517241e-01 1.2033241735184108e-02 1.3768745612711016e-02 1.7355038775269081e-03
4.8536590843283836e-02 7.1997231344832187e-03 9.9879545620517241e-01 3.6057398361816206e-02 3.7661797375237172e-02 1.6043990134209651e-03
4.7597177619167048e-02 1.1922472335510791e-02 9.9879545620517241e-01 5.9828388034092524e-02 6.1315503009697625e-02 1.4871149756051014e-03
4.6199377555313705e-02 1.6530401610461053e-02 9.9879545620517241e-01 8.3109908617740813e-02 8.4493657955002840e-02 1.3837493372620274e-03
4.4356652230453937e-02 2.0979134081465862e-02 9.9879545620517241e-01 1.0566781093356772e-01 1.0696215275324603e-01 1.2943418196783019e-03
4.2086748096802289e-02 2.5225826022904893e-02 9.9879545620517241e-01 1.2727285441843206e-01 1.2849176295973583e-01 1.2189085413037704e-03
3.9411525572021641e-02 2.9229579469904138e-02 9.9879545620517241e-01 1.4770349507605124e-01 1.4886096726831627e-01 1.1574721922650300e-03
3.6356748511451015e-02 3.2951836088094717e-02 9.9879545620517241e-01 1.6674864565028039e-01 1.6785873255097716e-01 1.1100869006967773e-03
3.2951836088094717e-02 3.6356748511451015e-02 9.9879545620517241e-01 1.8421034741111422e-01 1.8528720417169936e-01 1.0768567605851376e-03
2.9229579469904145e-02 3.9411525572021634e-02 9.9879545620517241e-01 1.9990629524061693e-01 2.0096424245687144e-01 1.0579472162545178e-03
2.5225826022904893e-02 4.2086748096802289e-02 9.9879545620517241e-01 2.1367216257357591e-01 2.1472575132266092e-01 1.0535887490850104e-03
2.0979134081465869e-02 4.4356652230453937e-02 9.9879545620517241e-01 2.2536367974008636e-01 2.2642775233072693e-01 1.0640725906405635e-03
1.6530401610461053e-02 4.6199377555313705e-02 9.9879545620517241e-01 2.3485842780008787e-01 2.3594816629368190e-01 1.0897384935940335e-03
1.1922472335510796e-02 4.7597177619167048e-02 9.9879545620517241e-01 2.4205731940838951e-01 2.4318827433204904e-01 1.1309549236595273e-03
7.1997231344832187e-03 4.8536590843283836e-02 9.9879545620517241e-01 2.4688574794967494e-01 2.4807384033159899e-01 1.1880923819240496e-03
2.4076366639015625e-03 4.9008570164780302e-02 9.9879545620517241e-01 2.4929439553292954e-01 2.5055588644403909e-01 1.2614909111095529e-03
1.4655373117284443e-01 7.1997231344832187e-03 9.8917650996478101e-01 3.5661742805343274e-02 3.5781511993093214e-02 1.1976918774993933e-04
1.4514233862723119e-01 2.1529832133895567e-02 9.8917650996478101e-01 1.0739010966416007e-01 1.0732314313144153e-01 6.6966532718537586e-05
1.4233314601776459e-01 3.5652597080455060e-02 9.8917650996478101e-01 1.7901760863463106e-01 1.7879514769502158e-01 2.2246093960948121e-04
1.3815320740493470e-01 4.9432008027437711e-02 9.8917650996478101e-01 2.4974667855855109e-01 2.4939388248427499e-01 3.5279607427610160e-04
1.3264277788256992e-01 6.2735361714831808e-02 9.8917650996478101e-01 3.1876071015679214e-01 3.1829705894877025e-01 4.6365120802188686e-04
1.2585492589927788e-01 7.5434539574274886e-02 9.8917650996478101e-01 3.8524081231748997e-01 3.8468073508467726e-01 5.6007723281270572e-04
1.1785502218027494e-01 8.7407241580903752e-02 9.8917650996478101e-01 4.4838336337341900e-01 4.4773706732136032e-01 6.4629605205868135e-04
1.0872011017156737e-01 9.8538164069449860e-02 9.8917650996478101e-01 5.0741742572408566e-01 5.0669190767049999e-01 7.2551805358567201e-04
9.8538164069449860e-02 1.0872011017156737e-01 9.8917650996478101e-01 5.6162114083081838e-01 5.6082136739863331e-01 7.9977343218506913e-04
8.7407241580903766e-02 1.1785502218027492e-01 9.8917650996478101e-01 6.1033633412961119e-01 6.0946657435452178e-01 8.6975977508940705e-04
7.5434539574274886e-02 1.2585492589927788e-01 9.8917650996478101e-01 6.5298073109336030e-01 6.5204601431707843e-01 9.3471677628187422e-04
6.2735361714831822e-02 1.3264277788256992e-01 9.8917650996478101e-01 6.8905739611535521e-01 6.8806504975005645e-01 9.9234636529876852e-04
4.9432008027437711e-02 1.3815320740493470e-01 9.8917650996478101e-01 7.1816123167529833e-01 7.1712243126934849e-01 1.0388004059498357e-03
3.5652597080455074e-02 1.4233314601776459e-01 9.8917650996478101e-01 7.3998259295361746e-01 7.3891383597598570e-01 1.0687569776317574e-03
2.1529832133895567e-02 1.4514233862723119e-01 9.8917650996478101e-01 7.5430826194756517e-01 7.5323266198392214e-01 1.0755999636430369e-03
7.1997231344832352e-03 1.4655373117284443e-01 9.8917650996478101e-01 7.6102016934076278e-01 7.5996846305048993e-01 1.0517062902728469e-03
2.4268749963529529e-01 1.1922472335510791e-02 9.7003125319454397e-01 5.7904001459777317e-02 5.7575371794488642e-02 3.2862966528867527e-04
2.4035028634732516e-01 3.5652597080455060e-02 9.7003125319454397e-01 1.7548885723998647e-01 1.7507641197982463e-01 4.1244526016184779e-04
2.3569836841299879e-01 5.9039367825822475e-02 9.7003125319454397e-01 2.9423697708044549e-01 2.9377495997855813e-01 4.6201710188736866e-04
2.2877654634502079e-01 8.1857557184825819e-02 9.7003125319454397e-01 4.1258453575399401e-01 4.1209397856379881e-01 4.9055719019519550e-04
2.1965148107375859e-01 1.0388741352024673e-01 9.7003125319454397e-01 5.2887836245730657e-01 5.2836778704961673e-01 5.1057540768983944e-04
2.0841105196604257e-01 1.2491677727283064e-01 9.7003125319454397e-01 6.4143103820685776e-01 6.4089734738840221e-01 5.3369081845555666e-04
1.9516351049882358e-01 1.4474312417382063e-01 9.7003125319454397e-01 7.4857867816144674e-01 7.4800813925541065e-01 5.7053890603608881e-04
1.8003643773827380e-01 1.6317551566437638e-01 9.7003125319454397e-01 8.4873704013755247e-01 8.4810644229296694e-01 6.3059784458552315e-04
1.6317551566437638e-01 1.8003643773827380e-01 9.7003125319454397e-01 9.4045193056891963e-01 9.3973015236942459e-01 7.2177819949503785e-04
1.4474312417382065e-01 1.9516351049882355e-01 9.7003125319454397e-01 1.0224406196845930e+00 1.0215908994017988e+00 8.4972028279417522e-04
1.2491677727283064e-01 2.0841105196604257e-01 9.7003125319454397e-01 1.0936220193268846e+00 1.0926051507357872e+00 1.0168685910973974e-03
1.0388741352024676e-01 2.1965148107375859e-01 9.7003125319454397e-01 1.1531345781535851e+00 1.1519130860378466e+00 1.2214921157385206e-03
8.1857557184825819e-02 2.2877654634502079e-01 9.7003125319454397e-01 1.2003420588908067e+00 1.1988851939491152e+00 1.4568649416915047e-03
5.9039367825822503e-02 2.3569836841299879e-01 9.7003125319454397e-01 1.2348284418709066e+00 1.2331176307828973e+00 1.7108110880093008e-03
3.5652597080455060e-02 2.4035028634732516e-01 9.7003125319454397e-01 1.2563840390197867e+00 1.2544182747833210e+00 1.9657642364656613e-03
1.1922472335510819e-02 2.4268749963529529e-01 9.7003125319454397e-01 1.2649854341593922e+00 1.2627860196075817e+00 2.1994145518104968e-03
3.3648405480977606e-01 1.6530401610461053e-02 9.4154406518302081e-01 7.7909657915737923e-02 7.7984899783159353e-02 7.5241867421430020e-05
3.3324352942106295e-01 4.9432008027437711e-02 9.4154406518302081e-01 2.3807537495088640e-01 2.3813298147426687e-01 5.7606523380465680e-05
3.2679368667458142e-01 8.1857557184825819e-02 9.4154406518302081e-01 4.0208059574807897e-01 4.0215948077076374e-01 7.8885022684771489e-05
3.1719664208182274e-01 1.1349477331863152e-01 9.4154406518302081e-01 5.6728065638175407e-01 5.6740666477910950e-01 1.2600839735543712e-04
3.0454482042849346e-01 1.4403897274282468e-01 9.4154406518302081e-01 7.3079878316409019e-01 7.3098332345040773e-01 1.8454028631753605e-04
2.8896006567330434e-01 1.7319599811979244e-01 9.4154406518302081e-01 8.8966295729075728e-01 8.8990214451887295e-01 2.3918722811566706e-04
2.7059246752404142e-01 2.0068505135630332e-01 9.4154406518302081e-01 1.0409488370028763e+00 1.0412220412153916e+00 2.7320421251531002e-04
2.4961891599163263e-01 2.2624139784264452e-01 9.4154406518302081e-01 1.1819156285038992e+00 1.1821835144204438e+00 2.6788591654458571e-04
2.2624139784264452e-01 2.4961891599163263e-01 9.4154406518302081e-01 1.3101231400362956e+00 1.3103263035844297e+00 2.0316354813409987e-04
2.0068505135630335e-01 2.7059246752404142e-01 9.4154406518302081e-01 1.4235209430799161e+00 1.4235805844115104e+00 5.9641331594306735e-05
1.7319599811979244e-01 2.8896006567330434e-01 9.4154406518302081e-01 1.5205041540899806e+00 1.5203258859183650e+00 1.7826817161559205e-04
1.4403897274282471e-01 3.0454482042849346e-01 9.4154406518302081e-01 1.5999342971332970e+00 1.5994154851924516e+00 5.1881194084546500e-04
1.1349477331863152e-01 3.1719664208182274e-01 9.4154406518302081e-01 1.6611274701133865e+00 1.6601677546996707e+00 9.5971541371575597e-04
8.1857557184825860e-02 3.2679368667458142e-01 9.4154406518302081e-01 1.7038151581251573e+00 1.7023291828993492e+00 1.4859752258080672e-03
4.9432008027437711e-02 3.3324352942106295e-01 9.4154406518302081e-01 1.7280852040263937e+00 1.7260161334664863e+00 2.0690705599073489e-03
1.6530401610461092e-02 3.3648405480977606e-01 9.4154406518302081e-01 1.7343115155039346e+00 1.7316436773429040e+00 2.6678381610305557e-03
4.2704008459554371e-01 2.0979134081465862e-02 9.0398929312344334e-01 9.5012224402492546e-02 9.5785516119298586e-02 7.7329171680604047e-04
4.2292745513703228e-01 6.2735361714831808e-02 9.0398929312344334e-01 2.9341311880255405e-01 2.9404928976812134e-01 6.3617096556728425e-04
4.1474180308988684e-01 1.0388741352024673e-01 9.0398929312344334e-01 5.0003731545679297e-01 5.0061584464329001e-01 5.7852918649703433e-04
4.0256196075805406e-01 1.4403897274282468e-01 9.0398929312344334e-01 7.1074003964204535e-01 7.1133232149245806e-01 5.9228185041271253e-04
3.8650522668136850e-01 1.8280335791817726e-01 9.0398929312344334e-01 9.2090180486076789e-01 9.2156272845276077e-01 6.6092359199287909e-04
3.6672623598649234e-01 2.1980724682629729e-01 9.0398929312344334e-01 1.1257123909945519e+00 1.1264770323428088e+00 7.6464134825693364e-04
3.4341547116611337e-01 2.5469427178861642e-01 9.0398929312344334e-01 1.3204658551990025e+00 1.3213449423006938e+00 8.7908710169126714e-04
3.1679742762841218e-01 2.8712845168355949e-01 9.0398929312344334e-01 1.5008358024914408e+00 1.5018087400532465e+00 9.7293756180572011e-04
2.8712845168355949e-01 3.1679742762841218e-01 9.0398929312344334e-01 1.6631040531965475e+00 1.6641121582983454e+00 1.0081051017978293e-03
2.5469427178861642e-01 3.4341547116611332e-01 9.0398929312344334e-01 1.8043230857442203e+00 1.8052665133293968e+00 9.4342758517651504e-04
2.1980724682629729e-01 3.6672623598649234e-01 9.0398929312344334e-01 1.9224018813976664e+00 1.9231425330020551e+00 7.4065160438863131e-04
1.8280335791817728e-01 3.8650522668136850e-01 9.0398929312344334e-01 2.0161145298337559e+00 2.0164857240996872e+00 3.7119426593124061e-04
1.4403897274282468e-01 4.0256196075805406e-01 9.0398929312344334e-01 2.0850397436886157e+00 2.0848623424082069e+00 1.7740128040877323e-04
1.0388741352024679e-01 4.1474180308988684e-01 9.0398929312344334e-01 2.1294461794873367e+00 2.1285500074076391e+00 8.9617207969761026e-04
6.2735361714831808e-02 4.2292745513703228e-01 9.0398929312344334e-01 2.1501425422000633e+00 2.1483909472468219e+00 1.7515949532413977e-03
2.0979134081465910e-02 4.2704008459554371e-01 9.0398929312344334e-01 2.1483127240601148e+00 2.1456270659095913e+00 2.6856581505234622e-03
5.1348348492279983e-01 2.5225826022904893e-02 8.5772861000027212e-01 1.0877437784967003e-01 1.0997366739980201e-01 1.1992895501319739e-03
5.0853835826436755e-01 7.5434539574274886e-02 8.5772861000027212e-01 3.4040467196144564e-01 3.4115333180425522e-01 7.4865984280958475e-04
4.9869572922050487e-01 1.2491677727283064e-01 8.5772861000027212e-01 5.8659644047773452e-01 5.8708573592344138e-01 4.8929544570686101e-04
4.8405038768943259e-01 1.7319599811979244e-01 8.5772861000027212e-01 8.4119960323494880e-01 8.4160505279148101e-01 4.0544955653221137e-04
4.6474337631605284e-01 2.1980724682629729e-01 8.5772861000027212e-01 1.0972194598824743e+00 1.0976782221717780e+00 4.5876228930374907e-04
4.4096063217417747e-01 2.6430163158700110e-01 8.5772861000027212e-01 1.3473354481170245e+00 1.3479468169723146e+00 6.1136885529000651e-04
4.1293119609086304e-01 3.0625064715355355e-01 8.5772861000027212e-01 1.5844371844499037e+00 1.5852630021585001e+00 8.2581770859646575e-04
3.8092500685804026e-01 3.4525030157438397e-01 8.5772861000027212e-01 1.8021163070261139e+00 1.8031747820135204e+00 1.0584749874065214e-03
3.4525030157438397e-01 3.8092500685804026e-01 8.5772861000027212e-01 1.9950618994960516e+00 1.9963189935813630e+00 1.2570940853113832e-03
3.0625064715355360e-01 4.1293119609086298e-01 8.5772861000027212e-01 2.1593234044224747e+00 2.1606869650056848e+00 1.3635605832100772e-03
2.6430163158700110e-01 4.4096063217417747e-01 8.5772861000027212e-01 2.2924247434621692e+00 2.2937439268150350e+00 1.3191833528658492e-03
2.1980724682629735e-01 4.6474337631605284e-01 8.5772861000027212e-01 2.3933333579230065e+00 2.3944048931146518e+00 1.0715351916452676e-03
1.7319599811979244e-01 4.8405038768943259e-01 8.5772861000027212e-01 2.4623049887979573e+00 2.4628885302205195e+00 5.8354142256211716e-04
1.2491677727283070e-01 4.9869572922050487e-01 8.5772861000027212e-01 2.5006370875468900e+00 2.5004816222554305e+00 1.5546529145948895e-04
7.5434539574274886e-02 5.0853835826436755e-01 8.5772861000027212e-01 2.5103698226064473e+00 2.5092502281975144e+00 1.1195944089328336e-03
2.5225826022904952e-02 5.1348348492279983e-01 8.5772861000027212e-01 2.4939738899241544e+00 2.4917321914420096e+00 2.2416984821447272e-03
5.9498175859162383e-01 2.9229579469904138e-02 8.0320753148064494e-01 1.1901202415462017e-01 1.2005684986755541e-01 1.0448257129352378e-03
5.8925175900627258e-01 8.7407241580903752e-02 8.0320753148064494e-01 3.7861834246280568e-01 3.7884659043313418e-01 2.2824797032849897e-04
5.7784694286391336e-01 1.4474312417382063e-01 8.0320753148064494e-01 6.6122270363736746e-01 6.6101515600408201e-01 2.0754763328545422e-04
5.6087714477850381e-01 2.0068505135630332e-01 8.0320753148064494e-01 9.5811225786041043e-01 9.5778971014316938e-01 3.2254771724105069e-04
5.3850579318224168e-01 2.5469427178861642e-01 8.0320753148064494e-01 1.2592101123621107e+00 1.2589883677879068e+00 2.2174457420387483e-04
5.1094833642042370e-01 3.0625064715355355e-01 8.0320753148064494e-01 1.5539357849359261e+00 1.5539488503430410e+00 1.3065407114876137e-05
4.7847016786610447e-01 3.5485766137276881e-01 8.0320753148064494e-01 1.8320895320539670e+00 1.8324168201694060e+00 3.2728811543902836e-04
4.4138407003683494e-01 4.0004720232803426e-01 8.0320753148064494e-01 2.0846512858096644e+00 2.0853291755547314e+00 6.7788974506699518e-04
4.0004720232803426e-01 4.4138407003683494e-01 8.0320753148064494e-01 2.3044038512359011e+00 2.3054263077875552e+00 1.0224565516541162e-03
3.5485766137276892e-01 4.7847016786610441e-01 8.0320753148064494e-01 2.4863213579274737e+00 2.4876342485919145e+00 1.3128906644408467e-03
3.0625064715355355e-01 5.1094833642042370e-01 8.0320753148064494e-01 2.6277011215509640e+00 2.6291910611579832e+00 1.4899396070191528e-03
2.5469427178861648e-01 5.3850579318224168e-01 8.0320753148064494e-01 2.7280531353252018e+00 2.7295354640304459e+00 1.4823287052441181e-03
2.0068505135630332e-01 5.6087714477850381e-01 8.0320753148064494e-01 2.7887906307254076e+00 2.7900078095616272e+00 1.2171788362196345e-03
1.4474312417382068e-01 5.7784694286391336e-01 8.0320753148064494e-01 2.8127839254295601e+00 2.8134266776098489e+00 6.4275218028875258e-04
8.7407241580903752e-02 5.8925175900627258e-01 8.0320753148064494e-01 2.8038470047146244e+00 2.8036028712038021e+00 2.4413351082230861e-04
2.9229579469904204e-02 5.9498175859162383e-01 8.0320753148064494e-01 2.7662230571954516e+00 2.7648439693455011e+00 1.3790878499504444e-03
6.7075003267509647e-01 3.2951836088094717e-02 7.4095112535495911e-01 1.2579551688760696e-01 1.2619874353239297e-01 4.0322664478600889e-04
6.6429034319116953e-01 9.8538164069449860e-02 7.4095112535495911e-01 4.0824536704782388e-01 4.0761738901455863e-01 6.2797803326525292e-04
6.5143317456427141e-01 1.6317551566437638e-01 7.4095112535495911e-01 7.2421289334749150e-01 7.2315373932679750e-01 1.0591540206940087e-03
6.3230234835672239e-01 2.2624139784264452e-01 7.4095112535495911e-01 1.0618609128788059e+00 1.0608200619766017e+00 1.0408509022041823e-03
6.0708210488287451e-01 2.8712845168355949e-01 7.4095112535495911e-01 1.4073083465369238e+00 1.4065094895942423e+00 7.9885694268155838e-04
5.7601532887416851e-01 3.4525030157438397e-01 7.4095112535495911e-01 1.7459511644375136e+00 1.7454703999826078e+00 4.8076445490585762e-04
5.3940121036639554e-01 4.0004720232803426e-01 7.4095112535495911e-01 2.0638126591994168e+00 2.0636643711034033e+00 1.4828809601352688e-04
4.9759236333609841e-01 4.5099142983521961e-01 7.4095112535495911e-01 2.3487458425564030e+00 2.3489333928059488e+00 1.8755024954586474e-04
4.5099142983521961e-01 4.9759236333609841e-01 7.4095112535495911e-01 2.5913452073427208e+00 2.5918825514219210e+00 5.3734407920025262e-04
4.0004720232803437e-01 5.3940121036639543e-01 7.4095112535495911e-01 2.7854798387524751e+00 2.7863862990448736e+00 9.0646029239849213e-04
3.4525030157438397e-01 5.7601532887416851e-01 7.4095112535495911e-01 2.9284227514003298e+00 2.9296888971976047e+00 1.2661457972749091e-03
2.8712845168355960e-01 6.0708210488287451e-01 7.4095112535495911e-01 3.0206101507135461e+00 3.0221464419509370e+00 1.5362912373908522e-03
2.2624139784264452e-01 6.3230234835672239e-01 7.4095112535495911e-01 3.0651094703233368e+00 3.0667054364666910e+00 1.5959661433542216e-03
1.6317551566437644e-01 6.5143317456427141e-01 7.4095112535495911e-01 3.0669011778272681e+00 3.0682253642866630e+00 1.3241864593949160e-03
9.8538164069449860e-02 6.6429034319116953e-01 7.4095112535495911e-01 3.0320857095510254e+00 3.0327424638814624e+00 6.5675433043699272e-04
3.2951836088094787e-02 6.7075003267509647e-01 7.4095112535495911e-01 2.9671165148670520e+00 2.9667506942404791e+00 3.6582062657286585e-04
7.4005861727464228e-01 3.6356748511451015e-02 6.7155895484701833e-01 1.2942873182303644e-01 1.2911438845996781e-01 3.1434336306862543e-04
7.3293144823309542e-01 1.0872011017156737e-01 6.7155895484701833e-01 4.2999834470075254e-01 4.2872394563157168e-01 1.2743990691808649e-03
7.1874574868397867e-01 1.8003643773827380e-01 6.7155895484701833e-01 7.7646551819696519e-01 7.7498163064151770e-01 1.4838875554474829e-03
6.9763813466864222e-01 2.4961891599163263e-01 6.7155895484701833e-01 1.1533633991129797e+00 1.1521597967447745e+00 1.2036023682051589e-03
6.6981188404864933e-01 3.1679742762841218e-01 6.7155895484701833e-01 1.5423469128208678e+00 1.5415388151350375e+00 8.0809768583023356e-04
6.3553497882884646e-01 3.8092500685804026e-01 6.7155895484701833e-01 1.9240930406663792e+00 1.9235894507153783e+00 5.0358995100086013e-04
5.9513752434416256e-01 4.4138407003683494e-01 6.7155895484701833e-01 2.2802329985399123e+00 2.2799055548278586e+00 3.2744371205373213e-04
5.4900857016478033e-01 4.9759236333609841e-01 6.7155895484701833e-01 2.5950498805231987e+00 2.5948304655335490e+00 2.1941498964972439e-04
4.9759236333609841e-01 5.4900857016478033e-01 6.7155895484701833e-01 2.8567323704853296e+00 2.8566556294934449e+00 7.6740991884705068e-05
4.4138407003683505e-01 5.9513752434416256e-01 6.7155895484701833e-01 3.0580626677772003e+00 3.0582557591673374e+00 1.9309139013712340e-04
3.8092500685804026e-01 6.3553497882884646e-01 6.7155895484701833e-01 3.1965145757171856e+00 3.1971300574476342e+00 6.1548173044867482e-04
3.1679742762841229e-01 6.6981188404864933e-01 6.7155895484701833e-01 3.2738260997258308e+00 3.2749388282640246e+00 1.1127285381937746e-03
2.4961891599163263e-01 6.9763813466864222e-01 6.7155895484701833e-01 3.2951752619645864e+00 3.2966884130430265e+00 1.5131510784400781e-03
1.8003643773827385e-01 7.1874574868397867e-01 6.7155895484701833e-01 3.2681209891337404e+00 3.2697295891049052e+00 1.6085999711648036e-03
1.0872011017156737e-01 7.3293144823309542e-01 6.7155895484701833e-01 3.2014732877544478e+00 3.2027164325773150e+00 1.2431448228671371e-03
3.6356748511451098e-02 7.4005861727464228e-01 6.7155895484701833e-01 3.1042347595906099e+00 3.1046351703689314e+00 4.0041077832153604e-04
8.0224003283264100e-01 3.9411525572021634e-02 5.9569930449243347e-01 1.3040886837306073e-01 1.2974985816300308e-01 6.5901021005765337e-04
7.9451402276745120e-01 1.1785502218027492e-01 5.9569930449243347e-01 4.4496895567033240e-01 4.4368671680028982e-01 1.2822388700425846e-03
7.7913640833746600e-01 1.9516351049882355e-01 5.9569930449243347e-01 8.1920863319898973e-01 8.1803372285844445e-01 1.1749103405452876e-03
7.5625528437590550e-01 2.7059246752404142e-01 5.9569930449243347e-01 1.2336498009147630e+00 1.2329889667163771e+00 6.6083419838580681e-04
7.2609100861461395e-01 3.4341547116611332e-01 5.9569930449243347e-01 1.6649740348486581e+00 1.6647412887922330e+00 2.3274605642509272e-04
6.8893407951864327e-01 4.1293119609086298e-01 5.9569930449243347e-01 2.0886055446054055e+00 2.0884968903275745e+00 1.0865427783102177e-04
6.4514233862723114e-01 4.7847016786610441e-01 5.9569930449243347e-01 2.4813241993479678e+00 2.4810634777550717e+00 2.6072159289602936e-04
5.9513752434416256e-01 5.3940121036639543e-01 5.9569930449243347e-01 2.8235333382336005e+00 2.8229951235758457e+00 5.3821465775483190e-04
5.3940121036639543e-01 5.9513752434416256e-01 5.9569930449243347e-01 3.1008941191701616e+00 3.1001485587049968e+00 7.4556046516471852e-04
4.7847016786610447e-01 6.4514233862723103e-01 5.9569930449243347e-01 3.3051679248789734e+00 3.3044568990589585e+00 7.1102582001492109e-04
4.1293119609086298e-01 6.8893407951864327e-01 5.9569930449243347e-01 3.4342498043679228e+00 3.4338900333673519e+00 3.5977100057094091e-04
3.4341547116611343e-01 7.2609100861461395e-01 5.9569930449243347e-01 3.4914998709448293e+00 3.4917404993612609e+00 2.4062841643157640e-04
2.7059246752404142e-01 7.5625528437590550e-01 5.9569930449243347e-01 3.4845653377261088e+00 3.4854527670221391e+00 8.8742929603036202e-04
1.9516351049882366e-01 7.7913640833746600e-01 5.9569930449243347e-01 3.4239246397957372e+00 3.4252293099135782e+00 1.3046701178409670e-03
1.1785502218027492e-01 7.9451402276745120e-01 5.9569930449243347e-01 3.3213795492340830e+00 3.3226261794584699e+00 1.2466302243869798e-03
3.9411525572021724e-02 8.0224003283264100e-01 5.9569930449243347e-01 3.1886823342666482e+00 3.1892978127198344e+00 6.1547845318621341e-04
8.5669543832545014e-01 4.2086748096802289e-02 5.1410274419322166e-01 1.2937158851821459e-01 1.2892162274505314e-01 4.4996577316144815e-04
8.4844499293701192e-01 1.2585492589927788e-01 5.1410274419322166e-01 4.5446720255261364e-01 4.5384352303899483e-01 6.2367951361880225e-04
8.3202355845937825e-01 2.0841105196604257e-01 5.1410274419322166e-01 8.5373607449879918e-01 8.5344031612878712e-01 2.9575837001205585e-04
8.0758928228343807e-01 2.8896006567330434e-01 5.1410274419322166e-01 1.3034981030708654e+00 1.3037677558430469e+00 2.6965277218149453e-04
7.7537747984589955e-01 3.6672623598649234e-01 5.1410274419322166e-01 1.7751914009421992e+00 1.7757380477557230e+00 5.4664681352378786e-04
7.3569836841299896e-01 4.4096063217417747e-01 5.1410274419322166e-01 2.2387084154818884e+00 2.2390793861154119e+00 3.7097063352353743e-04
6.8893407951864338e-01 5.1094833642042370e-01 5.1410274419322166e-01 2.6657551030519353e+00 2.6656150654847246e+00 1.4003756721070459e-04
6.3553497882884646e-01 5.7601532887416851e-01 5.1410274419322166e-01 3.0327344337588897e+00 3.0319678805333985e+00 7.6655322549123994e-04
5.7601532887416851e-01 6.3553497882884646e-01 5.1410274419322166e-01 3.3227790242165858e+00 3.3215079531658191e+00 1.2710710507666256e-03
5.1094833642042381e-01 6.8893407951864327e-01 5.1410274419322166e-01 3.5267374966986647e+00 3.5252768027996044e+00 1.4606938990602281e-03
4.4096063217417747e-01 7.3569836841299896e-01 5.1410274419322166e-01 3.6431110726756062e+00 3.6418587011632950e+00 1.2523715123111678e-03
3.6672623598649240e-01 7.7537747984589955e-01 5.1410274419322166e-01 3.6771004727193590e+00 3.6763924938823744e+00 7.0797883698459074e-04
2.8896006567330434e-01 8.0758928228343807e-01 5.1410274419322166e-01 3.6390310893069007e+00 3.6390081082611920e+00 2.2981045708636572e-05
2.0841105196604268e-01 8.3202355845937825e-01 5.1410274419322166e-01 3.5424666202450057e+00 3.5429924365176850e+00 5.2581627267933584e-04
1.2585492589927788e-01 8.4844499293701192e-01 5.1410274419322166e-01 3.4023039938456563e+00 3.4029705319733909e+00 6.6653812773465049e-04
4.2086748096802386e-02 8.5669543832545014e-01 5.1410274419322166e-01 3.2330825743673128e+00 3.2333254015308830e+00 2.4282716357015843e-04
9.0290039842982095e-01 4.4356652230453937e-02 4.2755509343028220e-01 1.2702719869233228e-01 1.2712548132290358e-01 9.8282630571294716e-05
8.9420497401737709e-01 1.3264277788256992e-01 4.2755509343028220e-01 4.5986443347067640e-01 4.6017339439818528e-01 3.0896092750887227e-04
8.7689786688298366e-01 2.1965148107375859e-01 4.2755509343028220e-01 8.8119708553227727e-01 8.8184175611589755e-01 6.4467058362027707e-04
8.5114575392937220e-01 3.0454482042849346e-01 4.2755509343028220e-01 1.3631998858284373e+00 1.3642518649290811e+00 1.0519791006438073e-03
8.1719664208182274e-01 3.8650522668136850e-01 4.2755509343028220e-01 1.8721124707193473e+00 1.8731750819100157e+00 1.0626111906684166e-03
7.7537747984589955e-01 4.6474337631605284e-01 4.2755509343028220e-01 2.3723498766631956e+00 2.3729606455277383e+00 6.1076886454269896e-04
7.2609100861461406e-01 5.3850579318224168e-01 4.2755509343028220e-01 2.8306242809489897e+00 2.8305208361659639e+00 1.0344478302570792e-04
6.6981188404864933e-01 6.0708210488287451e-01 4.2755509343028220e-01 3.2194495745916432e+00 3.2186089104907456e+00 8.4066410089755905e-04
6.0708210488287451e-01 6.6981188404864933e-01 4.2755509343028220e-01 3.5195644429166166e+00 3.5181684439620673e+00 1.3959989545493379e-03
5.3850579318224179e-01 7.2609100861461395e-01 4.2755509343028220e-01 3.7210438998831732e+00 3.7194073402260042e+00 1.6365596571690233e-03
4.6474337631605284e-01 7.7537747984589955e-01 4.2755509343028220e-01 3.8231148876131993e+00 3.8215783254182232e+00 1.5365621949761099e-03
3.8650522668136855e-01 8.1719664208182274e-01 4.2755509343028220e-01 3.8328960081880927e+00 3.8317189043906712e+00 1.1771037974215304e-03
3.0454482042849346e-01 8.5114575392937220e-01 4.2755509343028220e-01 3.7634106095402187e+00 3.7626979250538271e+00 7.1268448639161264e-04
2.1965148107375870e-01 8.7689786688298366e-01 4.2755509343028220e-01 3.6312656855571843e+00 3.6309364504079320e+00 3.2923514925231601e-04
1.3264277788256992e-01 8.9420497401737709e-01 4.2755509343028220e-01 3.4543568356956222e+00 3.4541524948111868e+00 2.0434088443543885e-04
4.4356652230454041e-02 9.0290039842982095e-01 4.2755509343028220e-01 3.2498759864453297e+00 3.2494154938007798e+00 4.6049264454994798e-04
9.4040993412174789e-01 4.6199377555313705e-02 3.3688985339222005e-01 1.2409393149311673e-01 1.2461494592802412e-01 5.2101443490738808e-04
9.3135327237579280e-01 1.3815320740493470e-01 3.3688985339222005e-01 4.6245827128706357e-01 4.6341368641951813e-01 9.5541513245456233e-04
9.1332716948737103e-01 2.2877654634502079e-01 3.3688985339222005e-01 9.0246926565365682e-01 9.0359452273378782e-01 1.1252570801310036e-03
8.8650522668136855e-01 3.1719664208182274e-01 3.3688985339222005e-01 1.4124968720251436e+00 1.4137816529399956e+00 1.2847809148519573e-03
8.5114575392937220e-01 4.0256196075805406e-01 3.3688985339222005e-01 1.9539910839642602e+00 1.9550515169144218e+00 1.0604329501615606e-03
8.0758928228343807e-01 4.8405038768943259e-01 3.3688985339222005e-01 2.4863265767233433e+00 2.4868094770482920e+00 4.8290032494868740e-04
7.5625528437590561e-01 5.6087714477850381e-01 3.3688985339222005e-01 2.9716436809991253e+00 2.9714527795748706e+00 1.9090142425470802e-04
6.9763813466864222e-01 6.3230234835672239e-01 3.3688985339222005e-01 3.3789322588419011e+00 3.3781914200828989e+00 7.4083875900221585e-04
6.3230234835672239e-01 6.9763813466864222e-01 3.3688985339222005e-01 3.6868100483282324e+00 3.6857662113279215e+00 1.0438370003109654e-03
5.6087714477850392e-01 7.5625528437590550e-01 3.3688985339222005e-01 3.8847353066419368e+00 3.8836474273999504e+00 1.0878792419863892e-03
4.8405038768943259e-01 8.0758928228343807e-01 3.3688985339222005e-01 3.9726915967302912e+00 3.9717233498747735e+00 9.6824685551766265e-04
4.0256196075805417e-01 8.5114575392937220e-01 3.3688985339222005e-01 3.9596257736871316e+00 3.9587968230711819e+00 8.2895061594978614e-04
3.1719664208182274e-01 8.8650522668136855e-01 3.3688985339222005e-01 3.8610682400463987e+00 3.8602908656394517e+00 7.7737440694702897e-04
2.2877654634502090e-01 9.1332716948737103e-01 3.3688985339222005e-01 3.6964066942443075e+00 3.6955739868582524e+00 8.3270738605500938e-04
1.3815320740493470e-01 9.3135327237579280e-01 3.3688985339222005e-01 3.4862361958876686e+00 3.4852923185087197e+00 9.4387737894896517e-04
4.6199377555313809e-02 9.4040993412174789e-01 3.3688985339222005e-01 3.2501008020740021e+00 3.2490394988027722e+00 1.0613032712298853e-03
9.6886280806771963e-01 4.7597177619167048e-02 2.4298017990326398e-01 1.2123403419399814e-01 1.2166609979675660e-01 4.3206560275846351e-04
9.5953212959174183e-01 1.4233314601776459e-01 2.4298017990326398e-01 4.6337031217131192e-01 4.6431140814185773e-01 9.4109597054581329e-04
9.4096063217417747e-01 2.3569836841299879e-01 2.4298017990326398e-01 9.1812314427837738e-01 9.1904503835067219e-01 9.2189407229481546e-04
9.1332716948737103e-01 3.2679368667458142e-01 2.4298017990326398e-01 1.4506878351091297e+00 1.4516053850057427e+00 9.1754989661296804e-04
8.7689786688298366e-01 4.1474180308988684e-01 2.4298017990326398e-01 2.0185070248641441e+00 2.0191151378056404e+00 6.0811294149631934e-04
8.3202355845937825e-01 4.9869572922050487e-01 2.4298017990326398e-01 2.5767429488211211e+00 2.5768207069255680e+00 7.7758104446878917e-05
7.7913640833746611e-01 5.7784694286391336e-01 2.4298017990326398e-01 3.0837307129113283e+00 3.0833498237897241e+00 3.8088912160416655e-04
7.1874574868397867e-01 6.5143317456427141e-01 2.4298017990326398e-01 3.5055509721415543e+00 3.5049867729001187e+00 5.6419924143558120e-04
6.5143317456427141e-01 7.1874574868397867e-01 2.4298017990326398e-01 3.8191020177333463e+00 3.8186782793797533e+00 4.2373835359299505e-04
5.7784694286391347e-01 7.7913640833746600e-01 2.4298017990326398e-01 4.0133872633065533e+00 4.0133077488601554e+00 7.9514446397865868e-05
4.9869572922050487e-01 8.3202355845937825e-01 2.4298017990326398e-01 4.0890777679169767e+00 4.0892933664671860e+00 2.1559855020925056e-04
4.1474180308988695e-01 8.7689786688298366e-01 2.4298017990326398e-01 4.0566856960887989e+00 4.0568943268767672e+00 2.0863078796828916e-04
3.2679368667458142e-01 9.1332716948737103e-01 2.4298017990326398e-01 3.9338478162163564e+00 3.9336639248691152e+00 1.8389134724117184e-04
2.3569836841299890e-01 9.4096063217417747e-01 2.4298017990326398e-01 3.7422579672269576e+00 3.7414748769029593e+00 7.8309032399825895e-04
1.4233314601776459e-01 9.5953212959174183e-01 2.4298017990326398e-01 3.5047237986003137e+00 3.5035087495715955e+00 1.2150490287181626e-03
4.7597177619167159e-02 9.6886280806771963e-01 2.4298017990326398e-01 3.2426939970455546e+00 3.2415602198308466e+00 1.1337772147079761e-03
9.8798500353771368e-01 4.8536590843283836e-02 1.4673047445536175e-01 1.1899749158094235e-01 1.1882081354521179e-01 1.7667803573055696e-04
9.7847016786610452e-01 1.4514233862723119e-01 1.4673047445536175e-01 4.6347897421838669e-01 4.6378706051452545e-01 3.0808629613876537e-04
9.5953212959174183e-01 2.4035028634732516e-01 1.4673047445536175e-01 9.2846377194271290e-01 9.2866922619192549e-01 2.0545424921258881e-04
9.3135327237579280e-01 3.3324352942106295e-01 1.4673047445536175e-01 1.4768635550578595e+00 1.4770801304200361e+00 2.1657536217656315e-04
8.9420497401737709e-01 4.2292745513703228e-01 1.4673047445536175e-01 2.0632330335376778e+00 2.0632168302772711e+00 1.6203260406744135e-05
8.4844499293701192e-01 5.0853835826436755e-01 1.4673047445536175e-01 2.6397013641328049e+00 2.6392897476916044e+00 4.1161644120046859e-04
7.9451402276745131e-01 5.8925175900627258e-01 1.4673047445536175e-01 3.1618720023038334e+00 3.1612260295706385e+00 6.4597273319488835e-04
7.3293144823309542e-01 6.6429034319116953e-01 1.4673047445536175e-01 3.5937495714730057e+00 3.5932573086547532e+00 4.9226281825243134e-04
6.6429034319116953e-01 7.3293144823309542e-01 1.4673047445536175e-01 3.9110216166273797e+00 3.9110998329551427e+00 7.8216327763058757e-05
5.8925175900627269e-01 7.9451402276745120e-01 1.4673047445536175e-01 4.1023948221138413e+00 4.1032469415414647e+00 8.5211942762342119e-04
5.0853835826436755e-01 8.4844499293701192e-01 1.4673047445536175e-01 4.1690627454951601e+00 4.1704870650379986e+00 1.4243195428385036e-03
4.2292745513703239e-01 8.9420497401737709e-01 1.4673047445536175e-01 4.1226824908364055e+00 4.1240912044910329e+00 1.4087136546274692e-03
3.3324352942106295e-01 9.3135327237579280e-01 1.4673047445536175e-01 3.9824115424413411e+00 3.9831243659186391e+00 7.1282347729795248e-04
2.4035028634732528e-01 9.5953212959174183e-01 1.4673047445536175e-01 3.7715933607926848e+00 3.7712910493371781e+00 3.0231145550674299e-04
1.4514233862723119e-01 9.7847016786610452e-01 1.4673047445536175e-01 3.5146048604230993e+00 3.5136835569739340e+00 9.2130344916530049e-04
4.8536590843283947e-02 9.8798500353771368e-01 1.4673047445536175e-01 3.2342335611886108e+00 3.2337828586072312e+00 4.5070258137958064e-04
9.9759236333609846e-01 4.9008570164780302e-02 4.9067674327418126e-02 1.1777705303690225e-01 1.1691810247169397e-01 8.5895056520828017e-04
9.8798500353771368e-01 1.4655373117284443e-01 4.9067674327418126e-02 4.6338246149102641e-01 4.6287088665540405e-01 5.1157483562236372e-04
9.6886280806771963e-01 2.4268749963529529e-01 4.9067674327418126e-02 9.3361659184811929e-01 9.3300211585729276e-01 6.1447599082653515e-04
9.4040993412174789e-01 3.3648405480977606e-01 4.9067674327418126e-02 1.4901960500315121e+00 1.4897107940468552e+00 4.8525598465687381e-04
9.0290039842982095e-01 4.2704008459554371e-01 4.9067674327418126e-02 2.0861626448914321e+00 2.0855620878552523e+00 6.0055703617978295e-04
8.5669543832545014e-01 5.1348348492279983e-01 4.9067674327418126e-02 2.6720574770670473e+00 2.6711355223611966e+00 9.2195470585076933e-04
8.0224003283264111e-01 5.9498175859162383e-01 4.9067674327418126e-02 3.2020563871997614e+00 3.2009653660680533e+00 1.0910211317081142e-03
7.4005861727464228e-01 6.7075003267509647e-01 4.9067674327418126e-02 3.6390829432400711e+00 3.6382685191370130e+00 8.1442410305809787e-04
6.7075003267509647e-01 7.4005861727464228e-01 4.9067674327418126e-02 3.9581993508795201e+00 3.9581806956496890e+00 1.8655229831132658e-05
5.9498175859162394e-01 8.0224003283264100e-01 4.9067674327418126e-02 4.1479665267300243e+00 4.1490216267098248e+00 1.0550999798004668e-03
5.1348348492279983e-01 8.5669543832545014e-01 4.9067674327418126e-02 4.2098600598298468e+00 4.2117565566095481e+00 1.8964967797012733e-03
4.2704008459554382e-01 9.0290039842982095e-01 4.9067674327418126e-02 4.1561418729795037e+00 4.1581439706545451e+00 2.0020976750414476e-03
3.3648405480977606e-01 9.4040993412174789e-01 4.9067674327418126e-02 4.0067666248309193e+00 4.0080182238454372e+00 1.2515990145178790e-03
2.4268749963529540e-01 9.6886280806771963e-01 4.9067674327418126e-02 3.7859377414123396e+00 3.7860776920995320e+00 1.3995068719241388e-04
1.4655373117284443e-01 9.8798500353771368e-01 4.9067674327418126e-02 3.5188459898242255e+00 3.5185078719749123e+00 3.3811784931314648e-04
4.9008570164780413e-02 9.9759236333609846e-01 4.9067674327418126e-02 3.2289694459997458e+00 3.2297781516689987e+00 8.0870566925295151e-04
0.0000000000000000e+00 0.0000000000000000e+00 5.3333333333333333e-01 -2.2844444444444445e+00 -2.2828087397569141e+00 1.6357046875303816e-03
0.0000000000000000e+00 0.0000000000000000e+00 5.9999999999999998e-01 -2.3599999999999999e+00 -2.3582839587850137e+00 1.7160412149861415e-03
0.0000000000000000e+00 0.0000000000000000e+00 6.6666666666666663e-01 -2.4444444444444446e+00 -2.4432176744920606e+00 1.2267699523840214e-03
0.0000000000000000e+00 0.0000000000000000e+00 7.3333333333333328e-01 -2.5377777777777775e+00 -2.5374298162852211e+00 3.4796149255633679e-04
0.0000000000000000e+00 0.0000000000000000e+00 8.0000000000000004e-01 -2.6400000000000001e+00 -2.6406300350794618e+00 6.3003507946168824e-04
0.0000000000000000e+00 0.0000000000000000e+00 8.6666666666666670e-01 -2.7511111111111113e+00 -2.7524156721621100e+00 1.3045610509987426e-03
0.0000000000000000e+00 0.0000000000000000e+00 9.3333333333333335e-01 -2.8711111111111114e+00 -2.8722759454429094e+00 1.1648343317980370e-03
0.0000000000000000e+00 0.0000000000000000e+00 1.0000000000000000e+00 0.0000000000000000e+00 2.9842447616038634e-03 2.9842447616038634e-03
0.0000000000000000e+00 6.6666666666666666e-02 5.3333333333333333e-01 -4.4444444444444444e-03 -7.4652454337345115e-03 3.0208009892900671e-03
0.0000000000000000e+00 6.6666666666666666e-02 5.9999999999999998e-01 -4.4444444444444444e-03 -6.9591548469195757e-03 2.5147104024751312e-03
0.0000000000000000e+00 6.6666666666666666e-02 6.6666666666666663e-01 -4.4444444444444444e-03 -6.3400818952285016e-03 1.8956374507840571e-03
0.0000000000000000e+00 6.6666666666666666e-02 7.3333333333333328e-01 -4.4444444444444444e-03 -5.6232290483541865e-03 1.1787846039097421e-03
0.0000000000000000e+00 6.6666666666666666e-02 8.0000000000000004e-01 -4.4444444444444444e-03 -4.8240573925048677e-03 3.7961294806042323e-04
0.0000000000000000e+00 6.6666666666666666e-02 8.6666666666666670e-01 -4.4444444444444444e-03 -3.9585877488850195e-03 4.8585669555942495e-04
0.0000000000000000e+00 6.6666666666666666e-02 9.3333333333333335e-01 -4.4444444444444444e-03 -3.0441464424166833e-03 1.4002980020277611e-03
0.0000000000000000e+00 1.3333333333333333e-01 5.3333333333333333e-01 -1.7777777777777778e-02 -2.0277695563590121e-02 2.4999177858123431e-03
0.0000000000000000e+00 1.3333333333333333e-01 5.9999999999999998e-01 -1.7777777777777778e-02 -1.9858398644974032e-02 2.0806208671962541e-03
0.0000000000000000e+00 1.3333333333333333e-01 6.6666666666666663e-01 -1.7777777777777778e-02 -1.9284051003342881e-02 1.5062732255651037e-03
0.0000000000000000e+00 1.3333333333333333e-01 7.3333333333333328e-01 -1.7777777777777778e-02 -1.8600193607492103e-02 8.2241582971432498e-04
0.0000000000000000e+00 1.3333333333333333e-01 8.0000000000000004e-01 -1.7777777777777778e-02 -1.7864594839451974e-02 8.6817061674196450e-05
0.0000000000000000e+00 1.3333333333333333e-01 8.6666666666666670e-01 -1.7777777777777778e-02 -1.7144745325147131e-02 6.3303245263064689e-04
0.0000000000000000e+00 1.3333333333333333e-01 9.3333333333333335e-01 -1.7777777777777778e-02 -1.6514914113591059e-02 1.2628636641867190e-03
0.0000000000000000e+00 2.0000000000000001e-01 4.6666666666666667e-01 -4.0000000000000008e-02 -4.1903489770650330e-02 1.9034897706503226e-03
0.0000000000000000e+00 2.0000000000000001e-01 5.3333333333333333e-01 -4.0000000000000008e-02 -4.1811477116371051e-02 1.8114771163710436e-03
0.0000000000000000e+00 2.0000000000000001e-01 5.9999999999999998e-01 -4.0000000000000008e-02 -4.1499292143820740e-02 1.4992921438207324e-03
0.0000000000000000e+00 2.0000000000000001e-01 6.6666666666666663e-01 -4.0000000000000008e-02 -4.1010055085081647e-02 1.0100550850816389e-03
0.0000000000000000e+00 2.0000000000000001e-01 7.3333333333333328e-01 -4.0000000000000008e-02 -4.0412477783992685e-02 4.1247778399267770e-04
0.0000000000000000e+00 2.0000000000000001e-01 8.0000000000000004e-01 -4.0000000000000008e-02 -3.9798255906278925e-02 2.0174409372108321e-04
0.0000000000000000e+00 2.0000000000000001e-01 8.6666666666666670e-01 -4.0000000000000008e-02 -3.9277774612329272e-02 7.2222538767073574e-04
0.0000000000000000e+00 2.0000000000000001e-01 9.3333333333333335e-01 -4.0000000000000008e-02 -3.8974355259905523e-02 1.0256447400944849e-03
0.0000000000000000e+00 2.6666666666666666e-01 4.6666666666666667e-01 -7.1111111111111111e-02 -7.2133458083780341e-02 1.0223469726692302e-03
0.0000000000000000e+00 2.6666666666666666e-01 5.3333333333333333e-01 -7.1111111111111111e-02 -7.2141882034569227e-02 1.0307709234581158e-03
0.0000000000000000e+00 2.6666666666666666e-01 5.9999999999999998e-01 -7.1111111111111111e-02 -7.1930250701770615e-02 8.1913959065950392e-04
0.0000000000000000e+00 2.6666666666666666e-01 6.6666666666666663e-01 -7.1111111111111111e-02 -7.1550288128892248e-02 4.3917701778113660e-04
0.0000000000000000e+00 2.6666666666666666e-01 7.3333333333333328e-01 -7.1111111111111111e-02 -7.1087302636412372e-02 2.3808474698738813e-05
0.0000000000000000e+00 2.6666666666666666e-01 8.0000000000000004e-01 -7.1111111111111111e-02 -7.0657534913808676e-02 4.5357619730243548e-04
0.0000000000000000e+00 2.6666666666666666e-01 8.6666666666666670e-01 -7.1111111111111111e-02 -7.0402997177211699e-02 7.0811393389941246e-04
0.0000000000000000e+00 2.6666666666666666e-01 9.3333333333333335e-01 -7.1111111111111111e-02 -7.0483867558942120e-02 6.2724355216899064e-04
0.0000000000000000e+00 3.3333333333333331e-01 4.0000000000000002e-01 -1.1111111111111110e-01 -1.1109679257414969e-01 1.4318536961419048e-05
0.0000000000000000e+00 3.3333333333333331e-01 4.6666666666666667e-01 -1.1111111111111110e-01 -1.1134544809401167e-01 2.3433698290056815e-04
0.0000000000000000e+00 3.3333333333333331e-01 5.3333333333333333e-01 -1.1111111111111110e-01 -1.1138736147770786e-01 2.7625036659675861e-04
0.0000000000000000e+00 3.3333333333333331e-01 5.9999999999999998e-01 -1.1111111111111110e-01 -1.1124524869065688e-01 1.3413757954577887e-04
0.0000000000000000e+00 3.3333333333333331e-01 6.6666666666666663e-01 -1.1111111111111110e-01 -1.1097874652159510e-01 1.3236458951600139e-04
0.0000000000000000e+00 3.3333333333333331e-01 7.3333333333333328e-01 -1.1111111111111110e-01 -1.1068466607655542e-01 4.2644503455568916e-04
0.0000000000000000e+00 3.3333333333333331e-01 8.0000000000000004e-01 -1.1111111111111110e-01 -1.1049461278268735e-01 6.1649832842375352e-04
0.0000000000000000e+00 3.3333333333333331e-01 8.6666666666666670e-01 -1.1111111111111110e-01 -1.1056955760374726e-01 5.4155350736384555e-04
0.0000000000000000e+00 3.3333333333333331e-01 9.3333333333333335e-01 -1.1111111111111110e-01 -1.1109117187982452e-01 1.9939231286583703e-05
0.0000000000000000e+00 4.0000000000000002e-01 3.3333333333333331e-01 -1.6000000000000003e-01 -1.5919892980361705e-01 8.0107019638298027e-04
0.0000000000000000e+00 4.0000000000000002e-01 4.0000000000000002e-01 -1.6000000000000003e-01 -1.5949847797672534e-01 5.0152202327469197e-04
0.0000000000000000e+00 4.0000000000000002e-01 4.6666666666666667e-01 -1.6000000000000003e-01 -1.5964914389692073e-01 3.5085610307930559e-04
0.0000000000000000e+00 4.0000000000000002e-01 5.3333333333333333e-01 -1.6000000000000003e-01 -1.5965041422609005e-01 3.4958577390997725e-04
0.0000000000000000e+00 4.0000000000000002e-01 5.9999999999999998e-01 -1.6000000000000003e-01 -1.5953524480940640e-01 4.6475519059363535e-04
0.0000000000000000e+00 4.0000000000000002e-01 6.6666666666666663e-01 -1.6000000000000003e-01 -1.5937230656024728e-01 6.2769343975274672e-04
0.0000000000000000e+00 4.0000000000000002e-01 7.3333333333333328e-01 -1.6000000000000003e-01 -1.5926632526762508e-01 7.3367473237495595e-04
0.0000000000000000e+00 4.0000000000000002e-01 8.0000000000000004e-01 -1.6000000000000003e-01 -1.5935580075925440e-01 6.4419924074562984e-04
0.0000000000000000e+00 4.0000000000000002e-01 8.6666666666666670e-01 -1.6000000000000003e-01 -1.5980745471556920e-01 1.9254528443082841e-04
0.0000000000000000e+00 4.6666666666666667e-01 2.0000000000000001e-01 -2.1777777777777779e-01 -2.1666352897500279e-01 1.1142488027749975e-03
0.0000000000000000e+00 4.6666666666666667e-01 2.6666666666666666e-01 -2.1777777777777779e-01 -2.1687604678576550e-01 9.0173099201229512e-04
0.0000000000000000e+00 4.6666666666666667e-01 3.3333333333333331e-01 -2.1777777777777779e-01 -2.1703581893022042e-01 7.4195884755737240e-04
0.0000000000000000e+00 4.6666666666666667e-01 4.0000000000000002e-01 -2.1777777777777779e-01 -2.1710963200393804e-01 6.6814577383975116e-04
0.0000000000000000e+00 4.6666666666666667e-01 4.6666666666666667e-01 -2.1777777777777779e-01 -2.1708897579439376e-01 6.8880198338402976e-04
0.0000000000000000e+00 4.6666666666666667e-01 5.3333333333333333e-01 -2.1777777777777779e-01 -2.1699275591518585e-01 7.8502186259193918e-04
0.0000000000000000e+00 4.6666666666666667e-01 5.9999999999999998e-01 -2.1777777777777779e-01 -2.1686945015374304e-01 9.0832762403475487e-04
0.0000000000000000e+00 4.6666666666666667e-01 6.6666666666666663e-01 -2.1777777777777779e-01 -2.1679831743827618e-01 9.7946033950160882e-04
0.0000000000000000e+00 4.6666666666666667e-01 7.3333333333333328e-01 -2.1777777777777779e-01 -2.1688900948647449e-01 8.8876829130329904e-04
0.0000000000000000e+00 4.6666666666666667e-01 8.0000000000000004e-01 -2.1777777777777779e-01 -2.1727878565000472e-01 4.9899212777307356e-04
0.0000000000000000e+00 4.6666666666666667e-01 8.6666666666666670e-01 -2.1777777777777779e-01 -2.1812653539730714e-01 3.4875761952934958e-04
0.0000000000000000e+00 5.3333333333333333e-01 0.0000000000000000e+00 0.0000000000000000e+00 -1.1356122085332109e-03 1.1356122085332109e-03
0.0000000000000000e+00 5.3333333333333333e-01 6.6666666666666666e-02 -2.8444444444444444e-01 -2.8428845114881185e-01 1.5599329563259490e-04
0.0000000000000000e+00 5.3333333333333333e-01 1.3333333333333333e-01 -2.8444444444444444e-01 -2.8424333800740070e-01 2.0110643704374098e-04
0.0000000000000000e+00 5.3333333333333333e-01 2.0000000000000001e-01 -2.8444444444444444e-01 -2.8421520232249986e-01 2.2924212194458393e-04
0.0000000000000000e+00 5.3333333333333333e-01 2.6666666666666666e-01 -2.8444444444444444e-01 -2.8415685190143469e-01 2.8759254300975146e-04
0.0000000000000000e+00 5.3333333333333333e-01 3.3333333333333331e-01 -2.8444444444444444e-01 -2.8404209344398940e-01 4.0235100045504790e-04
0.0000000000000000e+00 5.3333333333333333e-01 4.0000000000000002e-01 -2.8444444444444444e-01 -2.8386735413948067e-01 5.7709030496377878e-04
0.0000000000000000e+00 5.3333333333333333e-01 4.6666666666666667e-01 -2.8444444444444444e-01 -2.8365246833655244e-01 7.9197610789200068e-04
0.0000000000000000e+00 5.3333333333333333e-01 5.3333333333333333e-01 -2.8444444444444444e-01 -2.8344097932102019e-01 1.0034651234242520e-03
0.0000000000000000e+00 5.3333333333333333e-01 5.9999999999999998e-01 -2.8444444444444444e-01 -2.8330001577089009e-01 1.1444286735543541e-03
0.0000000000000000e+00 5.3333333333333333e-01 6.6666666666666663e-01 -2.8444444444444444e-01 -2.8331946627998494e-01 1.1249781644595003e-03
0.0000000000000000e+00 5.3333333333333333e-01 7.3333333333333328e-01 -2.8444444444444444e-01 -2.8360987540444388e-01 8.3456904000056564e-04
0.0000000000000000e+00 5.3333333333333333e-01 8.0000000000000004e-01 -2.8444444444444444e-01 -2.8429829300052700e-01 1.4615144391744161e-04
0.0000000000000000e+00 5.9999999999999998e-01 0.0000000000000000e+00 0.0000000000000000e+00 -4.3792196115134712e-04 4.3792196115134712e-04
0.0000000000000000e+00 5.9999999999999998e-01 6.6666666666666666e-02 -3.5999999999999999e-01 -3.6097067663977533e-01 9.7067663977534746e-04
0.0000000000000000e+00 5.9999999999999998e-01 1.3333333333333333e-01 -3.5999999999999999e-01 -3.6083514180965831e-01 8.3514180965832407e-04
0.0000000000000000e+00 5.9999999999999998e-01 2.0000000000000001e-01 -3.5999999999999999e-01 -3.6064540362547765e-01 6.4540362547765850e-04
0.0000000000000000e+00 5.9999999999999998e-01 2.6666666666666666e-01 -3.5999999999999999e-01 -3.6038101726569338e-01 3.8101726569339522e-04
0.0000000000000000e+00 5.9999999999999998e-01 3.3333333333333331e-01 -3.5999999999999999e-01 -3.6004615263075812e-01 4.6152630758133917e-05
0.0000000000000000e+00 5.9999999999999998e-01 4.0000000000000002e-01 -3.5999999999999999e-01 -3.5966877232154926e-01 3.3122767845072953e-04
0.0000000000000000e+00 5.9999999999999998e-01 4.6666666666666667e-01 -3.5999999999999999e-01 -3.5929862919138866e-01 7.0137080861132350e-04
0.0000000000000000e+00 5.9999999999999998e-01 5.3333333333333333e-01 -3.5999999999999999e-01 -3.5900457846100753e-01 9.9542153899245811e-04
0.0000000000000000e+00 5.9999999999999998e-01 5.9999999999999998e-01 -3.5999999999999999e-01 -3.5887141649260862e-01 1.1285835073913675e-03
0.0000000000000000e+00 5.9999999999999998e-01 6.6666666666666663e-01 -3.5999999999999999e-01 -3.5899612684263160e-01 1.0038731573683846e-03
0.0000000000000000e+00 5.9999999999999998e-01 7.3333333333333328e-01 -3.5999999999999999e-01 -3.5948311707811292e-01 5.1688292188706297e-04
0.0000000000000000e+00 5.9999999999999998e-01 8.0000000000000004e-01 2.7500739799625755e+00 2.7481282752133982e+00 1.9457047491773238e-03
0.0000000000000000e+00 6.6666666666666663e-01 0.0000000000000000e+00 0.0000000000000000e+00 2.2742787762066810e-04 2.2742787762066810e-04
0.0000000000000000e+00 6.6666666666666663e-01 6.6666666666666666e-02 -4.4444444444444442e-01 -4.4600548529370826e-01 1.5610408492638395e-03
0.0000000000000000e+00 6.6666666666666663e-01 1.3333333333333333e-01 -4.4444444444444442e-01 -4.4590342238619968e-01 1.4589779417552573e-03
0.0000000000000000e+00 6.6666666666666663e-01 2.0000000000000001e-01 -4.4444444444444442e-01 -4.4567572754867674e-01 1.2312831042323169e-03
0.0000000000000000e+00 6.6666666666666663e-01 2.6666666666666666e-01 -4.4444444444444442e-01 -4.4532652790502186e-01 8.8208346057744302e-04
0.0000000000000000e+00 6.6666666666666663e-01 3.3333333333333331e-01 -4.4444444444444442e-01 -4.4488770964938595e-01 4.4326520494153421e-04
0.0000000000000000e+00 6.6666666666666663e-01 4.0000000000000002e-01 -4.4444444444444442e-01 -4.4441559888071158e-01 2.8845563732837753e-05
0.0000000000000000e+00 6.6666666666666663e-01 4.6666666666666667e-01 -4.4444444444444442e-01 -4.4398597968915610e-01 4.5846475528832364e-04
0.0000000000000000e+00 6.6666666666666663e-01 5.3333333333333333e-01 -4.4444444444444442e-01 -4.4368805844929343e-01 7.5638599515098770e-04
0.0000000000000000e+00 6.6666666666666663e-01 5.9999999999999998e-01 -4.4444444444444442e-01 -4.4361774186083597e-01 8.2670258360845184e-04
0.0000000000000000e+00 6.6666666666666663e-01 6.6666666666666663e-01 -4.4444444444444442e-01 -4.4387031109745417e-01 5.7413334699024654e-04
0.0000000000000000e+00 6.6666666666666663e-01 7.3333333333333328e-01 -4.4444444444444442e-01 -4.4453232695724665e-01 8.7882512802228696e-05
0.0000000000000000e+00 7.3333333333333328e-01 0.0000000000000000e+00 0.0000000000000000e+00 8.4692565586846999e-04 8.4692565586846999e-04
0.0000000000000000e+00 7.3333333333333328e-01 6.6666666666666666e-02 -5.3777777777777769e-01 -5.3918426664507202e-01 1.4064888672943310e-03
0.0000000000000000e+00 7.3333333333333328e-01 1.3333333333333333e-01 -5.3777777777777769e-01 -5.3925100445980700e-01 1.4732266820293161e-03
0.0000000000000000e+00 7.3333333333333328e-01 2.0000000000000001e-01 -5.3777777777777769e-01 -5.3913276942002064e-01 1.3549916422429531e-03
0.0000000000000000e+00 7.3333333333333328e-01 2.6666666666666666e-01 -5.3777777777777769e-01 -5.3885310544021237e-01 1.0753276624346775e-03
0.0000000000000000e+00 7.3333333333333328e-01 3.3333333333333331e-01 -5.3777777777777769e-01 -5.3846503958802006e-01 6.8726181024236777e-04
0.0000000000000000e+00 7.3333333333333328e-01 4.0000000000000002e-01 -5.3777777777777769e-01 -5.3804529980347671e-01 2.6752202569901851e-04
0.0000000000000000e+00 7.3333333333333328e-01 4.6666666666666667e-01 -5.3777777777777769e-01 -5.3768630023523201e-01 9.1477542545681523e-05
0.0000000000000000e+00 7.3333333333333328e-01 5.3333333333333333e-01 -5.3777777777777769e-01 -5.3748660235565315e-01 2.9117542212453440e-04
0.0000000000000000e+00 7.3333333333333328e-01 5.9999999999999998e-01 -5.3777777777777769e-01 -5.3754039458297409e-01 2.3738319480359760e-04
0.0000000000000000e+00 7.3333333333333328e-01 6.6666666666666663e-01 -5.3777777777777769e-01 -5.3792633455336847e-01 1.4855677559078018e-04
0.0000000000000000e+00 8.0000000000000004e-01 0.0000000000000000e+00 0.0000000000000000e+00 1.4553862994299402e-03 1.4553862994299402e-03
0.0000000000000000e+00 8.0000000000000004e-01 6.6666666666666666e-02 -6.4000000000000012e-01 -6.4048978744090146e-01 4.8978744090133475e-04
0.0000000000000000e+00 8.0000000000000004e-01 1.3333333333333333e-01 -6.4000000000000012e-01 -6.4084953809956446e-01 8.4953809956433979e-04
0.0000000000000000e+00 8.0000000000000004e-01 2.0000000000000001e-01 -6.4000000000000012e-01 -6.4098534123685036e-01 9.8534123685023456e-04
0.0000000000000000e+00 8.0000000000000004e-01 2.6666666666666666e-01 -6.4000000000000012e-01 -6.4093261264195855e-01 9.3261264195843019e-04
0.0000000000000000e+00 8.0000000000000004e-01 3.3333333333333331e-01 -6.4000000000000012e-01 -6.4075559170597296e-01 7.5559170597283565e-04
0.0000000000000000e+00 8.0000000000000004e-01 4.0000000000000002e-01 -6.4000000000000012e-01 -6.4053914956093938e-01 5.3914956093925603e-04
0.0000000000000000e+00 8.0000000000000004e-01 4.6666666666666667e-01 -6.4000000000000012e-01 -6.4037778700602355e-01 3.7778700602342230e-04
0.0000000000000000e+00 8.0000000000000004e-01 5.3333333333333333e-01 -6.4000000000000012e-01 -6.4036264726548586e-01 3.6264726548573822e-04
0.0000000000000000e+00 8.0000000000000004e-01 5.9999999999999998e-01 3.1118786526951041e+00 3.1119972567643668e+00 1.1860406926267331e-04
0.0000000000000000e+00 8.6666666666666670e-01 0.0000000000000000e+00 0.0000000000000000e+00 2.1161218806191422e-03 2.1161218806191422e-03
0.0000000000000000e+00 8.6666666666666670e-01 6.6666666666666666e-02 -7.5111111111111117e-01 -7.5008566421291478e-01 1.0254468981963916e-03
0.0000000000000000e+00 8.6666666666666670e-01 1.3333333333333333e-01 -7.5111111111111117e-01 -7.5083251996987310e-01 2.7859114123807149e-04
0.0000000000000000e+00 8.6666666666666670e-01 2.0000000000000001e-01 -7.5111111111111117e-01 -7.5133865038307668e-01 2.2753927196550450e-04
0.0000000000000000e+00 8.6666666666666670e-01 2.6666666666666666e-01 -7.5111111111111117e-01 -7.5164167553928263e-01 5.3056442817145388e-04
0.0000000000000000e+00 8.6666666666666670e-01 3.3333333333333331e-01 -7.5111111111111117e-01 -7.5180414984431920e-01 6.9303873320802900e-04
0.0000000000000000e+00 8.6666666666666670e-01 4.0000000000000002e-01 -7.5111111111111117e-01 -7.5190303256646329e-01 7.9192145535211811e-04
0.0000000000000000e+00 8.6666666666666670e-01 4.6666666666666667e-01 -7.5111111111111117e-01 -7.5201587361236710e-01 9.0476250125592905e-04
0.0000000000000000e+00 9.3333333333333335e-01 0.0000000000000000e+00 0.0000000000000000e+00 2.8865661070492502e-03 2.8865661070492502e-03
0.0000000000000000e+00 9.3333333333333335e-01 6.6666666666666666e-02 -8.7111111111111117e-01 -8.6825673299978956e-01 2.8543781113216093e-03
0.0000000000000000e+00 9.3333333333333335e-01 1.3333333333333333e-01 -8.7111111111111117e-01 -8.6944187484323132e-01 1.6692362678798478e-03
0.0000000000000000e+00 9.3333333333333335e-01 2.0000000000000001e-01 -8.7111111111111117e-01 -8.7038545842539994e-01 7.2565268571123109e-04
0.0000000000000000e+00 9.3333333333333335e-01 2.6666666666666666e-01 -8.7111111111111117e-01 -8.7111541599878817e-01 4.3048876769979927e-06
0.0000000000000000e+00 9.3333333333333335e-01 3.3333333333333331e-01 -8.7111111111111117e-01 -8.7167689515018187e-01 5.6578403907070474e-04
0.0000000000000000e+00 1.0000000000000000e+00 0.0000000000000000e+00 3.0806046117362795e+00 3.0836841821701131e+00 3.0795704338335561e-03
6.6666666666666666e-02 0.0000000000000000e+00 5.3333333333333333e-01 -2.2844444444444445e+00 -2.2826168592368101e+00 1.8275852076343746e-03
6.6666666666666666e-02 0.0000000000000000e+00 5.9999999999999998e-01 -2.3599999999999999e+00 -2.3581188860787230e+00 1.8811139212768779e-03
6.6666666666666666e-02 0.0000000000000000e+00 6.6666666666666663e-01 -2.4444444444444446e+00 -2.4430282309904183e+00 1.4162134540263160e-03
6.6666666666666666e-02 0.0000000000000000e+00 7.3333333333333328e-01 -2.5377777777777775e+00 -2.5372019443030562e+00 5.7583347472123236e-04
6.6666666666666666e-02 0.0000000000000000e+00 8.0000000000000004e-01 -2.6400000000000001e+00 -2.6403981747001311e+00 3.9817470013092660e-04
6.6666666666666666e-02 0.0000000000000000e+00 8.6666666666666670e-01 -2.7511111111111113e+00 -2.7522703784123252e+00 1.1592673012139620e-03
6.6666666666666666e-02 0.0000000000000000e+00 9.3333333333333335e-01 -2.8711111111111114e+00 -2.8723671952102365e+00 1.2560840991251432e-03
1.3333333333333333e-01 0.0000000000000000e+00 5.3333333333333333e-01 -2.2844444444444445e+00 -2.2827325014083959e+00 1.7119430360486021e-03
1.3333333333333333e-01 0.0000000000000000e+00 5.9999999999999998e-01 -2.3599999999999999e+00 -2.3582607005862193e+00 1.7392994137805928e-03
1.3333333333333333e-01 0.0000000000000000e+00 6.6666666666666663e-01 -2.4444444444444446e+00 -2.4431338324859873e+00 1.3106119584573861e-03
1.3333333333333333e-01 0.0000000000000000e+00 7.3333333333333328e-01 -2.5377777777777775e+00 -2.5372416124543022e+00 5.3616532347522394e-04
1.3333333333333333e-01 0.0000000000000000e+00 8.0000000000000004e-01 -2.6400000000000001e+00 -2.6403871629362450e+00 3.8716293624485587e-04
1.3333333333333333e-01 0.0000000000000000e+00 8.6666666666666670e-01 -2.7511111111111113e+00 -2.7522779201981247e+00 1.1668090870133874e-03
1.3333333333333333e-01 0.0000000000000000e+00 9.3333333333333335e-01 -2.8711111111111114e+00 -2.8725214376419679e+00 1.4103265308564872e-03
2.0000000000000001e-01 0.0000000000000000e+00 4.6666666666666667e-01 -2.2177777777777776e+00 -2.2167980766384510e+00 9.7970113932666081e-04
2.0000000000000001e-01 0.0000000000000000e+00 5.3333333333333333e-01 -2.2844444444444445e+00 -2.2830517556817673e+00 1.3926887626771745e-03
2.0000000000000001e-01 0.0000000000000000e+00 5.9999999999999998e-01 -2.3599999999999999e+00 -2.3586031834473715e+00 1.3968165526283549e-03
2.0000000000000001e-01 0.0000000000000000e+00 6.6666666666666663e-01 -2.4444444444444446e+00 -2.4434296216498694e+00 1.0148227945752097e-03
2.0000000000000001e-01 0.0000000000000000e+00 7.3333333333333328e-01 -2.5377777777777775e+00 -2.5374485061068928e+00 3.2927167088470100e-04
2.0000000000000001e-01 0.0000000000000000e+00 8.0000000000000004e-01 -2.6400000000000001e+00 -2.6405034982292985e+00 5.0349822929840471e-04
2.0000000000000001e-01 0.0000000000000000e+00 8.6666666666666670e-01 -2.7511111111111113e+00 -2.7523526335522499e+00 1.2415224411386205e-03
2.0000000000000001e-01 0.0000000000000000e+00 9.3333333333333335e-01 -2.8711111111111114e+00 -2.8726604042436277e+00 1.5492931325162829e-03
2.6666666666666666e-01 0.0000000000000000e+00 4.6666666666666667e-01 -2.2177777777777776e+00 -2.2171217176738440e+00 6.5606010393359782e-04
2.6666666666666666e-01 0.0000000000000000e+00 5.3333333333333333e-01 -2.2844444444444445e+00 -2.2834747168363720e+00 9.6972760807245706e-04
2.6666666666666666e-01 0.0000000000000000e+00 5.9999999999999998e-01 -2.3599999999999999e+00 -2.3590421358213431e+00 9.5786417865673101e-04
2.6666666666666666e-01 0.0000000000000000e+00 6.6666666666666663e-01 -2.4444444444444446e+00 -2.4438100142232493e+00 6.3443022119535897e-04
2.6666666666666666e-01 0.0000000000000000e+00 7.3333333333333328e-01 -2.5377777777777775e+00 -2.5377184185293085e+00 5.9359248469004200e-05
2.6666666666666666e-01 0.0000000000000000e+00 8.0000000000000004e-01 -2.6400000000000001e+00 -2.6406465214616270e+00 6.4652146162691437e-04
2.6666666666666666e-01 0.0000000000000000e+00 8.6666666666666670e-01 -2.7511111111111113e+00 -2.7523985781580920e+00 1.2874670469806837e-03
2.6666666666666666e-01 0.0000000000000000e+00 9.3333333333333335e-01 -2.8711111111111114e+00 -2.8726927195690872e+00 1.5816084579758360e-03
3.3333333333333331e-01 0.0000000000000000e+00 4.0000000000000002e-01 -2.1600000000000001e+00 -2.1601540118561173e+00 1.5401185611718660e-04
3.3333333333333331e-01 0.0000000000000000e+00 4.6666666666666667e-01 -2.2177777777777776e+00 -2.2174706636866088e+00 3.0711409116879196e-04
3.3333333333333331e-01 0.0000000000000000e+00 5.3333333333333333e-01 -2.2844444444444445e+00 -2.2839088710628141e+00 5.3557338163034984e-04
3.3333333333333331e-01 0.0000000000000000e+00 5.9999999999999998e-01 -2.3599999999999999e+00 -2.3594795356388172e+00 5.2046436118269312e-04
3.3333333333333331e-01 0.0000000000000000e+00 6.6666666666666663e-01 -2.4444444444444446e+00 -2.4441735082838423e+00 2.7093616060236414e-04
3.3333333333333331e-01 0.0000000000000000e+00 7.3333333333333328e-01 -2.5377777777777775e+00 -2.5379485450898809e+00 1.7076731210341478e-04
3.3333333333333331e-01 0.0000000000000000e+00 8.0000000000000004e-01 -2.6400000000000001e+00 -2.6407139991767612e+00 7.1399917676107094e-04
3.3333333333333331e-01 0.0000000000000000e+00 8.6666666666666670e-01 -2.7511111111111113e+00 -2.7523152040117860e+00 1.2040929006746914e-03
3.3333333333333331e-01 0.0000000000000000e+00 9.3333333333333335e-01 -2.8711111111111114e+00 -2.8725194495804485e+00 1.4083384693370782e-03
4.0000000000000002e-01 0.0000000000000000e+00 3.3333333333333331e-01 -2.1111111111111112e+00 -2.1119112933826751e+00 8.0018227156397614e-04
4.0000000000000002e-01 0.0000000000000000e+00 4.0000000000000002e-01 -2.1600000000000001e+00 -2.1603178488555539e+00 3.1784885555374842e-04
4.0000000000000002e-01 0.0000000000000000e+00 4.6666666666666667e-01 -2.2177777777777776e+00 -2.2177705832223746e+00 7.1945554029895220e-06
4.0000000000000002e-01 0.0000000000000000e+00 5.3333333333333333e-01 -2.2844444444444445e+00 -2.2842736554214187e+00 1.7078902302580801e-04
4.0000000000000002e-01 0.0000000000000000e+00 5.9999999999999998e-01 -2.3599999999999999e+00 -2.3598289972219537e+00 1.7100277804615871e-04
4.0000000000000002e-01 0.0000000000000000e+00 6.6666666666666663e-01 -2.4444444444444446e+00 -2.4444289963060184e+00 1.5448138426243929e-05
4.0000000000000002e-01 0.0000000000000000e+00 7.3333333333333328e-01 -2.5377777777777775e+00 -2.5380445103495322e+00 2.6673257175469089e-04
4.0000000000000002e-01 0.0000000000000000e+00 8.0000000000000004e-01 -2.6400000000000001e+00 -2.6406096599388302e+00 6.0965993883010938e-04
4.0000000000000002e-01 0.0000000000000000e+00 8.6666666666666670e-01 -2.7511111111111113e+00 -2.7520051464196760e+00 8.9403530856468905e-04
4.6666666666666667e-01 0.0000000000000000e+00 2.0000000000000001e-01 -2.0400000000000000e+00 -2.0417446398937771e+00 1.7446398937770446e-03
4.6666666666666667e-01 0.0000000000000000e+00 2.6666666666666666e-01 -2.0711111111111111e+00 -2.0722766327282369e+00 1.1655216171257976e-03
4.6666666666666667e-01 0.0000000000000000e+00 3.3333333333333331e-01 -2.1111111111111112e+00 -2.1118341623700232e+00 7.2305125891203303e-04
4.6666666666666667e-01 0.0000000000000000e+00 4.0000000000000002e-01 -2.1600000000000001e+00 -2.1604022017321745e+00 4.0220173217431210e-04
4.6666666666666667e-01 0.0000000000000000e+00 4.6666666666666667e-01 -2.2177777777777776e+00 -2.2179638947178586e+00 1.8611694008097146e-04
4.6666666666666667e-01 0.0000000000000000e+00 5.3333333333333333e-01 -2.2844444444444445e+00 -2.2845067494995570e+00 6.2305055112510388e-05
4.6666666666666667e-01 0.0000000000000000e+00 5.9999999999999998e-01 -2.3599999999999999e+00 -2.3600229587282127e+00 2.2958728212785218e-05
4.6666666666666667e-01 0.0000000000000000e+00 6.6666666666666663e-01 -2.4444444444444446e+00 -2.4445038765836142e+00 5.9432139169590670e-05
4.6666666666666667e-01 0.0000000000000000e+00 7.3333333333333328e-01 -2.5377777777777775e+00 -2.5379293085079389e+00 1.5153073016138663e-04
4.6666666666666667e-01 0.0000000000000000e+00 8.0000000000000004e-01 -2.6400000000000001e+00 -2.6402527649577050e+00 2.5276495770487628e-04
4.6666666666666667e-01 0.0000000000000000e+00 8.6666666666666670e-01 -2.7511111111111113e+00 -2.7513841504584953e+00 2.7303934738398539e-04
5.3333333333333333e-01 0.0000000000000000e+00 0.0000000000000000e+00 0.0000000000000000e+00 -1.9222853960665154e-03 1.9222853960665154e-03
5.3333333333333333e-01 0.0000000000000000e+00 6.6666666666666666e-02 -2.0044444444444443e+00 -2.0068827717268292e+00 2.4383272823849111e-03
5.3333333333333333e-01 0.0000000000000000e+00 1.3333333333333333e-01 -2.0177777777777779e+00 -2.0195426676783179e+00 1.7648899005400231e-03
5.3333333333333333e-01 0.0000000000000000e+00 2.0000000000000001e-01 -2.0400000000000000e+00 -2.0412275195873062e+00 1.2275195873061584e-03
5.3333333333333333e-01 0.0000000000000000e+00 2.6666666666666666e-01 -2.0711111111111111e+00 -2.0719448532278681e+00 8.3374211675701915e-04
5.3333333333333333e-01 0.0000000000000000e+00 3.3333333333333331e-01 -2.1111111111111112e+00 -2.1116725038522217e+00 5.6139274111055570e-04
5.3333333333333333e-01 0.0000000000000000e+00 4.0000000000000002e-01 -2.1600000000000001e+00 -2.1603752689307179e+00 3.7526893071770928e-04
5.3333333333333333e-01 0.0000000000000000e+00 4.6666666666666667e-01 -2.2177777777777776e+00 -2.2180178304582756e+00 2.4005268049798190e-04
5.3333333333333333e-01 0.0000000000000000e+00 5.3333333333333333e-01 -2.2844444444444445e+00 -2.2845726328545548e+00 1.2818841011030813e-04
5.3333333333333333e-01 0.0000000000000000e+00 5.9999999999999998e-01 -2.3599999999999999e+00 -2.3600219771953035e+00 2.1977195303612973e-05
5.3333333333333333e-01 0.0000000000000000e+00 6.6666666666666663e-01 -2.4444444444444446e+00 -2.4443541855232964e+00 9.0258921148222981e-05
5.3333333333333333e-01 0.0000000000000000e+00 7.3333333333333328e-01 -2.5377777777777775e+00 -2.5375542287888155e+00 2.2354898896193021e-04
5.3333333333333333e-01 0.0000000000000000e+00 8.0000000000000004e-01 -2.6400000000000001e+00 -2.6395896533859755e+00 4.1034661402461481e-04
5.9999999999999998e-01 0.0000000000000000e+00 0.0000000000000000e+00 0.0000000000000000e+00 -1.1918383470508271e-03 1.1918383470508271e-03
5.9999999999999998e-01 0.0000000000000000e+00 6.6666666666666666e-02 -2.0044444444444443e+00 -2.0059357771271227e+00 1.4913326826784257e-03
5.9999999999999998e-01 0.0000000000000000e+00 1.3333333333333333e-01 -2.0177777777777779e+00 -2.0187766840843095e+00 9.9890630653165502e-04
5.9999999999999998e-01 0.0000000000000000e+00 2.0000000000000001e-01 -2.0400000000000000e+00 -2.0406488675204586e+00 6.4886752045856255e-04
5.9999999999999998e-01 0.0000000000000000e+00 2.6666666666666666e-01 -2.0711111111111111e+00 -2.0715444636659437e+00 4.3335255483256674e-04
5.9999999999999998e-01 0.0000000000000000e+00 3.3333333333333331e-01 -2.1111111111111112e+00 -2.1114250210036118e+00 3.1390989250068557e-04
5.9999999999999998e-01 0.0000000000000000e+00 4.0000000000000002e-01 -2.1600000000000001e+00 -2.1602389628706002e+00 2.3896287060010124e-04
5.9999999999999998e-01 0.0000000000000000e+00 4.6666666666666667e-01 -2.2177777777777776e+00 -2.2179355117444368e+00 1.5773396665919037e-04
5.9999999999999998e-01 0.0000000000000000e+00 5.3333333333333333e-01 -2.2844444444444445e+00 -2.2844737982298735e+00 2.9353785429009349e-05
5.9999999999999998e-01 0.0000000000000000e+00 5.9999999999999998e-01 -2.3599999999999999e+00 -2.3598263725164563e+00 1.7362748354354807e-04
5.9999999999999998e-01 0.0000000000000000e+00 6.6666666666666663e-01 -2.4444444444444446e+00 -2.4439768268811459e+00 4.6761756329871673e-04
5.9999999999999998e-01 0.0000000000000000e+00 7.3333333333333328e-01 -2.5377777777777775e+00 -2.5369116778608372e+00 8.6609991694031052e-04
5.9999999999999998e-01 0.0000000000000000e+00 8.0000000000000004e-01 0.0000000000000000e+00 1.5540585103199836e-03 1.5540585103199836e-03
6.6666666666666663e-01 0.0000000000000000e+00 0.0000000000000000e+00 0.0000000000000000e+00 -5.3311030422230311e-04 5.3311030422230311e-04
6.6666666666666663e-01 0.0000000000000000e+00 6.6666666666666666e-02 -2.0044444444444443e+00 -2.0049233140583067e+00 4.7886961386245375e-04
6.6666666666666663e-01 0.0000000000000000e+00 1.3333333333333333e-01 -2.0177777777777779e+00 -2.0179738212741967e+00 1.9604349641877405e-04
6.6666666666666663e-01 0.0000000000000000e+00 2.0000000000000001e-01 -2.0400000000000000e+00 -2.0400451666184143e+00 4.5166618414249626e-05
6.6666666666666663e-01 0.0000000000000000e+00 2.6666666666666666e-01 -2.0711111111111111e+00 -2.0711171051092716e+00 5.9939981604806292e-06
6.6666666666666663e-01 0.0000000000000000e+00 3.3333333333333331e-01 -2.1111111111111112e+00 -2.1111382366623519e+00 2.7125551240736456e-05
6.6666666666666663e-01 0.0000000000000000e+00 4.0000000000000002e-01 -2.1600000000000001e+00 -2.1600438167946701e+00 4.3816794669915282e-05
6.6666666666666663e-01 0.0000000000000000e+00 4.6666666666666667e-01 -2.2177777777777776e+00 -2.2177702012454041e+00 7.5765323734877654e-06
6.6666666666666663e-01 0.0000000000000000e+00 5.3333333333333333e-01 -2.2844444444444445e+00 -2.2842647225182646e+00 1.7972192617987659e-04
6.6666666666666663e-01 0.0000000000000000e+00 5.9999999999999998e-01 -2.3599999999999999e+00 -2.3594902091967191e+00 5.0979080328072968e-04
6.6666666666666663e-01 0.0000000000000000e+00 6.6666666666666663e-01 -2.4444444444444446e+00 -2.4434237443822955e+00 1.0207000621491602e-03
6.6666666666666663e-01 0.0000000000000000e+00 7.3333333333333328e-01 -2.5377777777777775e+00 -2.5360495947845725e+00 1.7281829932049853e-03
7.3333333333333328e-01 0.0000000000000000e+00 0.0000000000000000e+00 0.0000000000000000e+00 1.1350148213908579e-05 1.1350148213908579e-05
7.3333333333333328e-01 0.0000000000000000e+00 6.6666666666666666e-02 -2.0044444444444443e+00 -2.0039569993474764e+00 4.8744509696785343e-04
7.3333333333333328e-01 0.0000000000000000e+00 1.3333333333333333e-01 -2.0177777777777779e+00 -2.0172427087491895e+00 5.3506902858835304e-04
7.3333333333333328e-01 0.0000000000000000e+00 2.0000000000000001e-01 -2.0400000000000000e+00 -2.0395249249473668e+00 4.7507505263322258e-04
7.3333333333333328e-01 0.0000000000000000e+00 2.6666666666666666e-01 -2.0711111111111111e+00 -2.0707732231383109e+00 3.3788797280021043e-04
7.3333333333333328e-01 0.0000000000000000e+00 3.3333333333333331e-01 -2.1111111111111112e+00 -2.1109257587109487e+00 1.8535240016248622e-04
7.3333333333333328e-01 0.0000000000000000e+00 4.0000000000000002e-01 -2.1600000000000001e+00 -2.1599070253239110e+00 9.2974676089152553e-05
7.3333333333333328e-01 0.0000000000000000e+00 4.6666666666666667e-01 -2.2177777777777776e+00 -2.2176423830616732e+00 1.3539471610446441e-04
7.3333333333333328e-01 0.0000000000000000e+00 5.3333333333333333e-01 -2.2844444444444445e+00 -2.2840682555764129e+00 3.7618886803159057e-04
7.3333333333333328e-01 0.0000000000000000e+00 5.9999999999999998e-01 -2.3599999999999999e+00 -2.3591372281356104e+00 8.6277186438943332e-04
7.3333333333333328e-01 0.0000000000000000e+00 6.6666666666666663e-01 -2.4444444444444446e+00 -2.4428175621963137e+00 1.6268822481309009e-03
8.0000000000000004e-01 0.0000000000000000e+00 0.0000000000000000e+00 0.0000000000000000e+00 4.1813448731074484e-04 4.1813448731074484e-04
8.0000000000000004e-01 0.0000000000000000e+00 6.6666666666666666e-02 -2.0044444444444443e+00 -2.0032562354445216e+00 1.1882089999226686e-03
8.0000000000000004e-01 0.0000000000000000e+00 1.3333333333333333e-01 -2.0177777777777779e+00 -2.0167929487926366e+00 9.8482898514129502e-04
8.0000000000000004e-01 0.0000000000000000e+00 2.0000000000000001e-01 -2.0400000000000000e+00 -2.0392920140083413e+00 7.0798599165877718e-04
8.0000000000000004e-01 0.0000000000000000e+00 2.6666666666666666e-01 -2.0711111111111111e+00 -2.0707143776038364e+00 3.9673350727476020e-04
8.0000000000000004e-01 0.0000000000000000e+00 3.3333333333333331e-01 -2.1111111111111112e+00 -2.1109894456439444e+00 1.2166546716674276e-04
8.0000000000000004e-01 0.0000000000000000e+00 4.0000000000000002e-01 -2.1600000000000001e+00 -2.1600324459436089e+00 3.2445943608738759e-05
8.0000000000000004e-01 0.0000000000000000e+00 4.6666666666666667e-01 -2.2177777777777776e+00 -2.2177586556369531e+00 1.9122140824556766e-05
8.0000000000000004e-01 0.0000000000000000e+00 5.3333333333333333e-01 -2.2844444444444445e+00 -2.2840935076854625e+00 3.5093675898201226e-04
8.0000000000000004e-01 0.0000000000000000e+00 5.9999999999999998e-01 0.0000000000000000e+00 -2.4475612701216700e-04 2.4475612701216700e-04
8.6666666666666670e-01 0.0000000000000000e+00 0.0000000000000000e+00 0.0000000000000000e+00 6.8758603360273465e-04 6.8758603360273465e-04
8.6666666666666670e-01 0.0000000000000000e+00 6.6666666666666666e-02 -2.0044444444444443e+00 -2.0031688489380426e+00 1.2755955064016611e-03
8.6666666666666670e-01 0.0000000000000000e+00 1.3333333333333333e-01 -2.0177777777777779e+00 -2.0169565048540745e+00 8.2127292370337557e-04
8.6666666666666670e-01 0.0000000000000000e+00 2.0000000000000001e-01 -2.0400000000000000e+00 -2.0396672944575074e+00 3.3270554249265061e-04
8.6666666666666670e-01 0.0000000000000000e+00 2.6666666666666666e-01 -2.0711111111111111e+00 -2.0712546570940478e+00 1.4354598293664367e-04
8.6666666666666670e-01 0.0000000000000000e+00 3.3333333333333331e-01 -2.1111111111111112e+00 -2.1116402429652141e+00 5.2913185410297103e-04
8.6666666666666670e-01 0.0000000000000000e+00 4.0000000000000002e-01 -2.1600000000000001e+00 -2.1607305815565812e+00 7.3058155658101143e-04
8.6666666666666670e-01 0.0000000000000000e+00 4.6666666666666667e-01 -2.2177777777777776e+00 -2.2184306752452683e+00 6.5289746749064292e-04
9.3333333333333335e-01 0.0000000000000000e+00 0.0000000000000000e+00 0.0000000000000000e+00 8.4643492036657860e-04 8.4643492036657860e-04
9.3333333333333335e-01 0.0000000000000000e+00 6.6666666666666666e-02 -2.0044444444444443e+00 -2.0041842613174663e+00 2.6018312697795309e-04
9.3333333333333335e-01 0.0000000000000000e+00 1.3333333333333333e-01 -2.0177777777777779e+00 -2.0182028920027064e+00 4.2511422492852446e-04
9.3333333333333335e-01 0.0000000000000000e+00 2.0000000000000001e-01 -2.0400000000000000e+00 -2.0411051976424068e+00 1.1051976424067966e-03
9.3333333333333335e-01 0.0000000000000000e+00 2.6666666666666666e-01 -2.0711111111111111e+00 -2.0728380332599716e+00 1.7269221488604991e-03
9.3333333333333335e-01 0.0000000000000000e+00 3.3333333333333331e-01 -2.1111111111111112e+00 -2.1133157341414397e+00 2.2046230303285341e-03
1.0000000000000000e+00 0.0000000000000000e+00 0.0000000000000000e+00 0.0000000000000000e+00 -2.6925368732739607e-03 2.6925368732739607e-03
6.6666666666666666e-02 5.3333333333333333e-01 0.0000000000000000e+00 0.0000000000000000e+00 -9.0978508158051153e-04 9.0978508158051153e-04
6.6666666666666666e-02 5.9999999999999998e-01 0.0000000000000000e+00 0.0000000000000000e+00 -3.0475349271208896e-04 3.0475349271208896e-04
6.6666666666666666e-02 6.6666666666666663e-01 0.0000000000000000e+00 0.0000000000000000e+00 1.6100523443272883e-04 1.6100523443272883e-04
6.6666666666666666e-02 7.3333333333333328e-01 0.0000000000000000e+00 0.0000000000000000e+00 4.8933357477629958e-04 4.8933357477629958e-04
6.6666666666666666e-02 8.0000000000000004e-01 0.0000000000000000e+00 0.0000000000000000e+00 7.4233883112382573e-04 7.4233883112382573e-04
6.6666666666666666e-02 8.6666666666666670e-01 0.0000000000000000e+00 0.0000000000000000e+00 1.0160039497890483e-03 1.0160039497890483e-03
6.6666666666666666e-02 9.3333333333333335e-01 0.0000000000000000e+00 0.0000000000000000e+00 1.3985313812849272e-03 1.3985313812849272e-03
1.3333333333333333e-01 5.3333333333333333e-01 0.0000000000000000e+00 0.0000000000000000e+00 -6.3871389860323670e-04 6.3871389860323670e-04
1.3333333333333333e-01 5.9999999999999998e-01 0.0000000000000000e+00 0.0000000000000000e+00 -1.8658756234896397e-04 1.8658756234896397e-04
1.3333333333333333e-01 6.6666666666666663e-01 0.0000000000000000e+00 0.0000000000000000e+00 5.2549021334090522e-05 5.2549021334090522e-05
1.3333333333333333e-01 7.3333333333333328e-01 0.0000000000000000e+00 0.0000000000000000e+00 1.0215506442657280e-04 1.0215506442657280e-04
1.3333333333333333e-01 8.0000000000000004e-01 0.0000000000000000e+00 0.0000000000000000e+00 5.0214166243864578e-05 5.0214166243864578e-05
1.3333333333333333e-01 8.6666666666666670e-01 0.0000000000000000e+00 0.0000000000000000e+00 1.6729528910767290e-05 1.6729528910767290e-05
1.3333333333333333e-01 9.3333333333333335e-01 0.0000000000000000e+00 0.0000000000000000e+00 1.0673137883485955e-04 1.0673137883485955e-04
2.0000000000000001e-01 4.6666666666666667e-01 0.0000000000000000e+00 0.0000000000000000e+00 -8.4425986954965047e-04 8.4425986954965047e-04
2.0000000000000001e-01 5.3333333333333333e-01 0.0000000000000000e+00 0.0000000000000000e+00 -3.5440101502715065e-04 3.5440101502715065e-04
2.0000000000000001e-01 5.9999999999999998e-01 0.0000000000000000e+00 0.0000000000000000e+00 -8.5174873548085492e-05 8.5174873548085492e-05
2.0000000000000001e-01 6.6666666666666663e-01 0.0000000000000000e+00 0.0000000000000000e+00 -6.6058437057644426e-05 6.6058437057644426e-05
2.0000000000000001e-01 7.3333333333333328e-01 0.0000000000000000e+00 0.0000000000000000e+00 -2.5157705547768793e-04 2.5157705547768793e-04
2.0000000000000001e-01 8.0000000000000004e-01 0.0000000000000000e+00 0.0000000000000000e+00 -5.3519386233261601e-04 5.3519386233261601e-04
2.0000000000000001e-01 8.6666666666666670e-01 0.0000000000000000e+00 0.0000000000000000e+00 -7.8634252438731568e-04 7.8634252438731568e-04
2.0000000000000001e-01 9.3333333333333335e-01 0.0000000000000000e+00 0.0000000000000000e+00 -8.9978934217653267e-04 8.9978934217653267e-04
2.6666666666666666e-01 4.6666666666666667e-01 0.0000000000000000e+00 0.0000000000000000e+00 -4.2099637244383107e-04 4.2099637244383107e-04
2.6666666666666666e-01 5.3333333333333333e-01 0.0000000000000000e+00 0.0000000000000000e+00 -8.8337165272785751e-05 8.8337165272785751e-05
2.6666666666666666e-01 5.9999999999999998e-01 0.0000000000000000e+00 0.0000000000000000e+00 -7.4731237078928045e-07 7.4731237078928045e-07
2.6666666666666666e-01 6.6666666666666663e-01 0.0000000000000000e+00 0.0000000000000000e+00 -1.6528077897314509e-04 1.6528077897314509e-04
2.6666666666666666e-01 7.3333333333333328e-01 0.0000000000000000e+00 0.0000000000000000e+00 -5.2005427852672679e-04 5.2005427852672679e-04
2.6666666666666666e-01 8.0000000000000004e-01 0.0000000000000000e+00 0.0000000000000000e+00 -9.5241851226421891e-04 9.5241851226421891e-04
2.6666666666666666e-01 8.6666666666666670e-01 0.0000000000000000e+00 0.0000000000000000e+00 -1.3378661242740293e-03 1.3378661242740293e-03
2.6666666666666666e-01 9.3333333333333335e-01 0.0000000000000000e+00 0.0000000000000000e+00 -1.5879761470343726e-03 1.5879761470343726e-03
3.3333333333333331e-01 4.0000000000000002e-01 0.0000000000000000e+00 0.0000000000000000e+00 -4.0592388230379603e-04 4.0592388230379603e-04
3.3333333333333331e-01 4.6666666666666667e-01 0.0000000000000000e+00 0.0000000000000000e+00 -3.8432975701452373e-05 3.8432975701452373e-05
3.3333333333333331e-01 5.3333333333333333e-01 0.0000000000000000e+00 0.0000000000000000e+00 1.3400882723845967e-04 1.3400882723845967e-04
3.3333333333333331e-01 5.9999999999999998e-01 0.0000000000000000e+00 0.0000000000000000e+00 6.9308030183080950e-05 6.9308030183080950e-05
3.3333333333333331e-01 6.6666666666666663e-01 0.0000000000000000e+00 0.0000000000000000e+00 -2.2100927967976989e-04 2.2100927967976989e-04
3.3333333333333331e-01 7.3333333333333328e-01 0.0000000000000000e+00 0.0000000000000000e+00 -6.6966291368364883e-04 6.6966291368364883e-04
3.3333333333333331e-01 8.0000000000000004e-01 0.0000000000000000e+00 0.0000000000000000e+00 -1.1739408458774853e-03 1.1739408458774853e-03
3.3333333333333331e-01 8.6666666666666670e-01 0.0000000000000000e+00 0.0000000000000000e+00 -1.6329550938117558e-03 1.6329550938117558e-03
3.3333333333333331e-01 9.3333333333333335e-01 0.0000000000000000e+00 0.0000000000000000e+00 -1.9898750313810587e-03 1.9898750313810587e-03
4.0000000000000002e-01 3.3333333333333331e-01 0.0000000000000000e+00 0.0000000000000000e+00 -3.1882947223428653e-04 3.1882947223428653e-04
4.0000000000000002e-01 4.0000000000000002e-01 0.0000000000000000e+00 0.0000000000000000e+00 4.1544423658538394e-05 4.1544423658538394e-05
4.0000000000000002e-01 4.6666666666666667e-01 0.0000000000000000e+00 0.0000000000000000e+00 2.6108054486407987e-04 2.6108054486407987e-04
4.0000000000000002e-01 5.3333333333333333e-01 0.0000000000000000e+00 0.0000000000000000e+00 2.9652065192271220e-04 2.9652065192271220e-04
4.0000000000000002e-01 5.9999999999999998e-01 0.0000000000000000e+00 0.0000000000000000e+00 1.2951980283774583e-04 1.2951980283774583e-04
4.0000000000000002e-01 6.6666666666666663e-01 0.0000000000000000e+00 0.0000000000000000e+00 -2.1937409743826364e-04 2.1937409743826364e-04
4.0000000000000002e-01 7.3333333333333328e-01 0.0000000000000000e+00 0.0000000000000000e+00 -6.9255344072359764e-04 6.9255344072359764e-04
4.0000000000000002e-01 8.0000000000000004e-01 0.0000000000000000e+00 0.0000000000000000e+00 -1.2147683168563848e-03 1.2147683168563848e-03
4.0000000000000002e-01 8.6666666666666670e-01 0.0000000000000000e+00 0.0000000000000000e+00 -1.7246334964764105e-03 1.7246334964764105e-03
4.6666666666666667e-01 2.0000000000000001e-01 0.0000000000000000e+00 0.0000000000000000e+00 -6.4916358873238285e-04 6.4916358873238285e-04
4.6666666666666667e-01 2.6666666666666666e-01 0.0000000000000000e+00 0.0000000000000000e+00 -2.0089841416104660e-04 2.0089841416104660e-04
4.6666666666666667e-01 3.3333333333333331e-01 0.0000000000000000e+00 0.0000000000000000e+00 1.3895328038714681e-04 1.3895328038714681e-04
4.6666666666666667e-01 4.0000000000000002e-01 0.0000000000000000e+00 0.0000000000000000e+00 3.6175546265158524e-04 3.6175546265158524e-04
4.6666666666666667e-01 4.6666666666666667e-01 0.0000000000000000e+00 0.0000000000000000e+00 4.5145444000464167e-04 4.5145444000464167e-04
4.6666666666666667e-01 5.3333333333333333e-01 0.0000000000000000e+00 0.0000000000000000e+00 3.9294155233738644e-04 3.9294155233738644e-04
4.6666666666666667e-01 5.9999999999999998e-01 0.0000000000000000e+00 0.0000000000000000e+00 1.8300214477686756e-04 1.8300214477686756e-04
4.6666666666666667e-01 6.6666666666666663e-01 0.0000000000000000e+00 0.0000000000000000e+00 -1.6290511823912802e-04 1.6290511823912802e-04
4.6666666666666667e-01 7.3333333333333328e-01 0.0000000000000000e+00 0.0000000000000000e+00 -6.1396239990767014e-04 6.1396239990767014e-04
4.6666666666666667e-01 8.0000000000000004e-01 0.0000000000000000e+00 0.0000000000000000e+00 -1.1388123146618572e-03 1.1388123146618572e-03
4.6666666666666667e-01 8.6666666666666670e-01 0.0000000000000000e+00 0.0000000000000000e+00 -1.7270509953191755e-03 1.7270509953191755e-03
5.3333333333333333e-01 6.6666666666666666e-02 0.0000000000000000e+00 0.0000000000000000e+00 -1.2051355688568373e-03 1.2051355688568373e-03
5.3333333333333333e-01 1.3333333333333333e-01 0.0000000000000000e+00 0.0000000000000000e+00 -5.9704848135719161e-04 5.9704848135719161e-04
5.3333333333333333e-01 2.0000000000000001e-01 0.0000000000000000e+00 0.0000000000000000e+00 -1.2131972859834452e-04 1.2131972859834452e-04
5.3333333333333333e-01 2.6666666666666666e-01 0.0000000000000000e+00 0.0000000000000000e+00 2.1745121676193191e-04 2.1745121676193191e-04
5.3333333333333333e-01 3.3333333333333331e-01 0.0000000000000000e+00 0.0000000000000000e+00 4.2869776381699112e-04 4.2869776381699112e-04
5.3333333333333333e-01 4.0000000000000002e-01 0.0000000000000000e+00 0.0000000000000000e+00 5.2705152087780351e-04 5.2705152087780351e-04
5.3333333333333333e-01 4.6666666666666667e-01 0.0000000000000000e+00 0.0000000000000000e+00 5.2405934796811418e-04 5.2405934796811418e-04
5.3333333333333333e-01 5.3333333333333333e-01 0.0000000000000000e+00 0.0000000000000000e+00 4.2428927323706432e-04 4.2428927323706432e-04
5.3333333333333333e-01 5.9999999999999998e-01 0.0000000000000000e+00 0.0000000000000000e+00 2.2596826116674359e-04 2.2596826116674359e-04
5.3333333333333333e-01 6.6666666666666663e-01 0.0000000000000000e+00 0.0000000000000000e+00 -7.7333268314827929e-05 7.7333268314827929e-05
5.3333333333333333e-01 7.3333333333333328e-01 0.0000000000000000e+00 0.0000000000000000e+00 -4.9825909204031702e-04 4.9825909204031702e-04
5.3333333333333333e-01 8.0000000000000004e-01 0.0000000000000000e+00 0.0000000000000000e+00 -1.0619458758796263e-03 1.0619458758796263e-03
5.9999999999999998e-01 6.6666666666666666e-02 0.0000000000000000e+00 0.0000000000000000e+00 -6.0777761961680154e-04 6.0777761961680154e-04
5.9999999999999998e-01 1.3333333333333333e-01 0.0000000000000000e+00 0.0000000000000000e+00 -1.2088346590826093e-04 1.2088346590826093e-04
5.9999999999999998e-01 2.0000000000000001e-01 0.0000000000000000e+00 0.0000000000000000e+00 2.3007725469056402e-04 2.3007725469056402e-04
5.9999999999999998e-01 2.6666666666666666e-01 0.0000000000000000e+00 0.0000000000000000e+00 4.3914156062122413e-04 4.3914156062122413e-04
5.9999999999999998e-01 3.3333333333333331e-01 0.0000000000000000e+00 0.0000000000000000e+00 5.2849529339991604e-04 5.2849529339991604e-04
5.9999999999999998e-01 4.0000000000000002e-01 0.0000000000000000e+00 0.0000000000000000e+00 5.3370893903568670e-04 5.3370893903568670e-04
5.9999999999999998e-01 4.6666666666666667e-01 0.0000000000000000e+00 0.0000000000000000e+00 4.8523382068772211e-04 4.8523382068772211e-04
5.9999999999999998e-01 5.3333333333333333e-01 0.0000000000000000e+00 0.0000000000000000e+00 3.9336570711301795e-04 3.9336570711301795e-04
5.9999999999999998e-01 5.9999999999999998e-01 0.0000000000000000e+00 0.0000000000000000e+00 2.4073661523575405e-04 2.4073661523575405e-04
5.9999999999999998e-01 6.6666666666666663e-01 0.0000000000000000e+00 0.0000000000000000e+00 -1.8059351974017258e-05 1.8059351974017258e-05
5.9999999999999998e-01 7.3333333333333328e-01 0.0000000000000000e+00 0.0000000000000000e+00 -4.5264269756726806e-04 4.5264269756726806e-04
5.9999999999999998e-01 8.0000000000000004e-01 0.0000000000000000e+00 4.1467364188052720e+00 4.1473032216108887e+00 5.6680280561671736e-04
6.6666666666666663e-01 6.6666666666666666e-02 0.0000000000000000e+00 0.0000000000000000e+00 -1.3959023519667337e-04 1.3959023519667337e-04
6.6666666666666663e-01 1.3333333333333333e-01 0.0000000000000000e+00 0.0000000000000000e+00 1.7767187525872771e-04 1.7767187525872771e-04
6.6666666666666663e-01 2.0000000000000001e-01 0.0000000000000000e+00 0.0000000000000000e+00 3.7569835142695144e-04 3.7569835142695144e-04
6.6666666666666663e-01 2.6666666666666666e-01 0.0000000000000000e+00 0.0000000000000000e+00 4.5347270116933316e-04 4.5347270116933316e-04
6.6666666666666663e-01 3.3333333333333331e-01 0.0000000000000000e+00 0.0000000000000000e+00 4.4515749258915204e-04 4.4515749258915204e-04
6.6666666666666663e-01 4.0000000000000002e-01 0.0000000000000000e+00 0.0000000000000000e+00 3.9907024555696925e-04 3.9907024555696925e-04
6.6666666666666663e-01 4.6666666666666667e-01 0.0000000000000000e+00 0.0000000000000000e+00 3.5028773233595974e-04 3.5028773233595974e-04
6.6666666666666663e-01 5.3333333333333333e-01 0.0000000000000000e+00 0.0000000000000000e+00 2.9701493669867610e-04 2.9701493669867610e-04
6.6666666666666663e-01 5.9999999999999998e-01 0.0000000000000000e+00 0.0000000000000000e+00 1.8821792919856040e-04 1.8821792919856040e-04
6.6666666666666663e-01 6.6666666666666663e-01 0.0000000000000000e+00 0.0000000000000000e+00 -7.5186618402737690e-05 7.5186618402737690e-05
6.6666666666666663e-01 7.3333333333333328e-01 0.0000000000000000e+00 0.0000000000000000e+00 -6.2753940057829838e-04 6.2753940057829838e-04
7.3333333333333328e-01 6.6666666666666666e-02 0.0000000000000000e+00 0.0000000000000000e+00 1.6795114996700673e-04 1.6795114996700673e-04
7.3333333333333328e-01 1.3333333333333333e-01 0.0000000000000000e+00 0.0000000000000000e+00 2.8302655973768944e-04 2.8302655973768944e-04
7.3333333333333328e-01 2.0000000000000001e-01 0.0000000000000000e+00 0.0000000000000000e+00 3.1868852237525039e-04 3.1868852237525039e-04
7.3333333333333328e-01 2.6666666666666666e-01 0.0000000000000000e+00 0.0000000000000000e+00 2.8121361760509298e-04 2.8121361760509298e-04
7.3333333333333328e-01 3.3333333333333331e-01 0.0000000000000000e+00 0.0000000000000000e+00 2.1072917552141226e-04 2.1072917552141226e-04
7.3333333333333328e-01 4.0000000000000002e-01 0.0000000000000000e+00 0.0000000000000000e+00 1.5477537344165884e-04 1.5477537344165884e-04
7.3333333333333328e-01 4.6666666666666667e-01 0.0000000000000000e+00 0.0000000000000000e+00 1.3469900100205237e-04 1.3469900100205237e-04
7.3333333333333328e-01 5.3333333333333333e-01 0.0000000000000000e+00 0.0000000000000000e+00 1.1718133941089445e-04 1.1718133941089445e-04
7.3333333333333328e-01 5.9999999999999998e-01 0.0000000000000000e+00 0.0000000000000000e+00 1.0732737068364881e-06 1.0732737068364881e-06
7.3333333333333328e-01 6.6666666666666663e-01 0.0000000000000000e+00 0.0000000000000000e+00 -3.7605832041405669e-04 3.7605832041405669e-04
8.0000000000000004e-01 6.6666666666666666e-02 0.0000000000000000e+00 0.0000000000000000e+00 3.1001942140665602e-04 3.1001942140665602e-04
8.0000000000000004e-01 1.3333333333333333e-01 0.0000000000000000e+00 0.0000000000000000e+00 2.1112711843976684e-04 2.1112711843976684e-04
8.0000000000000004e-01 2.0000000000000001e-01 0.0000000000000000e+00 0.0000000000000000e+00 9.4241981352525482e-05 9.4241981352525482e-05
8.0000000000000004e-01 2.6666666666666666e-01 0.0000000000000000e+00 0.0000000000000000e+00 -2.9535593186453178e-05 2.9535593186453178e-05
8.0000000000000004e-01 3.3333333333333331e-01 0.0000000000000000e+00 0.0000000000000000e+00 -1.2509104927708526e-04 1.2509104927708526e-04
8.0000000000000004e-01 4.0000000000000002e-01 0.0000000000000000e+00 0.0000000000000000e+00 -1.6316194759659306e-04 1.6316194759659306e-04
8.0000000000000004e-01 4.6666666666666667e-01 0.0000000000000000e+00 0.0000000000000000e+00 -1.5636473776342837e-04 1.5636473776342837e-04
8.0000000000000004e-01 5.3333333333333333e-01 0.0000000000000000e+00 0.0000000000000000e+00 -1.8792655005289187e-04 1.8792655005289187e-04
8.0000000000000004e-01 5.9999999999999998e-01 0.0000000000000000e+00 3.2337479938120213e+00 3.2322329307799089e+00 1.5150630321123515e-03
8.6666666666666670e-01 6.6666666666666666e-02 0.0000000000000000e+00 0.0000000000000000e+00 3.1084824803808748e-04 3.1084824803808748e-04
8.6666666666666670e-01 1.3333333333333333e-01 0.0000000000000000e+00 0.0000000000000000e+00 8.6250992456476612e-06 8.6250992456476612e-06
8.6666666666666670e-01 2.0000000000000001e-01 0.0000000000000000e+00 0.0000000000000000e+00 -2.3502376560799077e-04 2.3502376560799077e-04
8.6666666666666670e-01 2.6666666666666666e-01 0.0000000000000000e+00 0.0000000000000000e+00 -4.1159243906768869e-04 4.1159243906768869e-04
8.6666666666666670e-01 3.3333333333333331e-01 0.0000000000000000e+00 0.0000000000000000e+00 -5.0585374134763856e-04 5.0585374134763856e-04
8.6666666666666670e-01 4.0000000000000002e-01 0.0000000000000000e+00 0.0000000000000000e+00 -5.2623778964727035e-04 5.2623778964727035e-04
8.6666666666666670e-01 4.6666666666666667e-01 0.0000000000000000e+00 0.0000000000000000e+00 -5.3878272843822805e-04 5.3878272843822805e-04
9.3333333333333335e-01 6.6666666666666666e-02 0.0000000000000000e+00 0.0000000000000000e+00 2.2296956396038975e-04 2.2296956396038975e-04
9.3333333333333335e-01 1.3333333333333333e-01 0.0000000000000000e+00 0.0000000000000000e+00 -2.5187451484717891e-04 2.5187451484717891e-04
9.3333333333333335e-01 2.0000000000000001e-01 0.0000000000000000e+00 0.0000000000000000e+00 -5.8769475982141872e-04 5.8769475982141872e-04
9.3333333333333335e-01 2.6666666666666666e-01 0.0000000000000000e+00 0.0000000000000000e+00 -7.9030353924538132e-04 7.9030353924538132e-04
9.3333333333333335e-01 3.3333333333333331e-01 0.0000000000000000e+00 0.0000000000000000e+00 -8.8136780996885997e-04 8.8136780996885997e-04
