# x y z exact_flux predicted_flux abs_error
4.8772580504032069e-02 4.8036798991923880e-03 4.9759236333609846e-01 -2.6450024105825039e-02 -2.6450024105825039e-02 0.0000000000000000e+00
4.6898277587240376e-02 1.4226436972985921e-02 4.9759236333609846e-01 -7.8901771713950269e-02 -7.8901771713950269e-02 0.0000000000000000e+00
4.3221700163628113e-02 2.3102480052185379e-02 4.9759236333609846e-01 -1.2897833204577411e-01 -1.2897833204577414e-01 2.7755575615628914e-17
3.7884137041736328e-02 3.1090707778999430e-02 4.9759236333609846e-01 -1.7457022704769762e-01 -1.7457022704769762e-01 0.0000000000000000e+00
3.1090707778999430e-02 3.7884137041736328e-02 4.9759236333609846e-01 -2.1369982173842691e-01 -2.1369982173842691e-01 0.0000000000000000e+00
2.3102480052185390e-02 4.3221700163628113e-02 4.9759236333609846e-01 -2.4463714170886169e-01 -2.4463714170886172e-01 2.7755575615628914e-17
1.4226436972985921e-02 4.6898277587240383e-02 4.9759236333609846e-01 -2.6600317792239581e-01 -2.6600317792239581e-01 0.0000000000000000e+00
4.8036798991923958e-03 4.8772580504032062e-02 4.9759236333609846e-01 -2.7685030894097318e-01 -2.7685030894097318e-01 0.0000000000000000e+00
1.4444343859530451e-01 1.4226436972985921e-02 4.7847016786610441e-01 -7.7443279661459336e-02 -7.7443279661459336e-02 0.0000000000000000e+00
1.3889255825490054e-01 4.2132596924363677e-02 4.7847016786610441e-01 -2.3495092651580368e-01 -2.3495092651580368e-01 0.0000000000000000e+00
1.2800411479260479e-01 6.8419624804170728e-02 4.7847016786610441e-01 -3.8954146373018939e-01 -3.8954146373018933e-01 5.5511151231257827e-17
1.1219654498436386e-01 9.2077324872921126e-02 4.7847016786610441e-01 -5.3299687772549798e-01 -5.3299687772549798e-01 0.0000000000000000e+00
9.2077324872921126e-02 1.1219654498436386e-01 4.7847016786610441e-01 -6.5728992722786106e-01 -6.5728992722786117e-01 1.1102230246251565e-16
6.8419624804170742e-02 1.2800411479260479e-01 4.7847016786610441e-01 -7.5543717656352616e-01 -7.5543717656352616e-01 0.0000000000000000e+00
4.2132596924363677e-02 1.3889255825490054e-01 4.7847016786610441e-01 -8.2216291550747567e-01 -8.2216291550747578e-01 1.1102230246251565e-16
1.4226436972985946e-02 1.4444343859530448e-01 4.7847016786610441e-01 -8.5427007722849191e-01 -8.5427007722849191e-01 0.0000000000000000e+00
2.3456341634617300e-01 2.3102480052185379e-02 4.4096063217417752e-01 -1.2235026070279197e-01 -1.2235026070279197e-01 0.0000000000000000e+00
2.2554927580066894e-01 6.8419624804170728e-02 4.4096063217417752e-01 -3.7886664389435831e-01 -3.7886664389435826e-01 5.5511151231257827e-17
2.0786740307563631e-01 1.1110744174509944e-01 4.4096063217417752e-01 -6.3797838016709352e-01 -6.3797838016709363e-01 1.1102230246251565e-16
1.8219730262378964e-01 1.4952546200953518e-01 4.4096063217417752e-01 -8.8187415609402364e-01 -8.8187415609402353e-01 1.1102230246251565e-16
1.4952546200953518e-01 1.8219730262378964e-01 4.4096063217417752e-01 -1.0930637305308002e+00 -1.0930637305308002e+00 0.0000000000000000e+00
1.1110744174509948e-01 2.0786740307563628e-01 4.4096063217417752e-01 -1.2570592258484088e+00 -1.2570592258484086e+00 2.2204460492503131e-16
6.8419624804170728e-02 2.2554927580066897e-01 4.4096063217417752e-01 -1.3641379759797019e+00 -1.3641379759797017e+00 2.2204460492503131e-16
2.3102480052185421e-02 2.3456341634617298e-01 4.4096063217417752e-01 -1.4098791601302092e+00 -1.4098791601302092e+00 0.0000000000000000e+00
3.1566925355153747e-01 3.1090707778999430e-02 3.8650522668136850e-01 -1.5830088472621068e-01 -1.5830088472621068e-01 0.0000000000000000e+00
3.0353826116690874e-01 9.2077324872921126e-02 3.8650522668136850e-01 -5.0199758469489497e-01 -5.0199758469489497e-01 0.0000000000000000e+00
2.7974246363185373e-01 1.4952546200953518e-01 3.8650522668136850e-01 -8.5946500914004986e-01 -8.5946500914004986e-01 0.0000000000000000e+00
2.4519632010080761e-01 2.0122741949596792e-01 3.8650522668136850e-01 -1.1993607368251451e+00 -1.1993607368251451e+00 0.0000000000000000e+00
2.0122741949596792e-01 2.4519632010080761e-01 3.8650522668136850e-01 -1.4912477968088900e+00 -1.4912477968088900e+00 0.0000000000000000e+00
1.4952546200953520e-01 2.7974246363185373e-01 3.8650522668136850e-01 -1.7114747602592155e+00 -1.7114747602592155e+00 0.0000000000000000e+00
9.2077324872921126e-02 3.0353826116690880e-01 3.8650522668136850e-01 -1.8464876298467916e+00 -1.8464876298467916e+00 0.0000000000000000e+00
3.1090707778999482e-02 3.1566925355153741e-01 3.8650522668136850e-01 -1.8930165883156669e+00 -1.8930165883156671e+00 2.2204460492503131e-16
3.8464409837227320e-01 3.7884137041736328e-02 3.1719664208182274e-01 -1.8434449539063069e-01 -1.8434449539063066e-01 2.7755575615628914e-17
3.6986244138272223e-01 1.1219654498436386e-01 3.1719664208182274e-01 -5.9982460923194392e-01 -5.9982460923194403e-01 1.1102230246251565e-16
3.4086717819208007e-01 1.8219730262378964e-01 3.1719664208182274e-01 -1.0442418728718359e+00 -1.0442418728718359e+00 0.0000000000000000e+00
2.9877258050403210e-01 2.4519632010080761e-01 3.1719664208182274e-01 -1.4696656566736985e+00 -1.4696656566736985e+00 0.0000000000000000e+00
2.4519632010080761e-01 2.9877258050403210e-01 3.1719664208182274e-01 -1.8302814013867528e+00 -1.8302814013867528e+00 0.0000000000000000e+00
1.8219730262378969e-01 3.4086717819208001e-01 3.1719664208182274e-01 -2.0926550399753450e+00 -2.0926550399753454e+00 4.4408920985006262e-16
1.1219654498436386e-01 3.6986244138272228e-01 3.1719664208182274e-01 -2.2407847152922726e+00 -2.2407847152922731e+00 4.4408920985006262e-16
3.7884137041736390e-02 3.8464409837227320e-01 3.1719664208182274e-01 -2.2752112396855080e+00 -2.2752112396855080e+00 0.0000000000000000e+00
4.3883728620345797e-01 4.3221700163628113e-02 2.3569836841299890e-01 -2.0125654072043411e-01 -2.0125654072043414e-01 2.7755575615628914e-17
4.2197301539744442e-01 1.2800411479260479e-01 2.3569836841299890e-01 -6.7133422376802632e-01 -6.7133422376802632e-01 0.0000000000000000e+00
3.8889255825490054e-01 2.0786740307563628e-01 2.3569836841299890e-01 -1.1866028423675499e+00 -1.1866028423675501e+00 2.2204460492503131e-16
3.4086717819208001e-01 2.7974246363185373e-01 2.3569836841299890e-01 -1.6818817703914311e+00 -1.6818817703914311e+00 0.0000000000000000e+00
2.7974246363185373e-01 3.4086717819208001e-01 2.3569836841299890e-01 -2.0957750428582003e+00 -2.0957750428581998e+00 4.4408920985006262e-16
2.0786740307563636e-01 3.8889255825490049e-01 2.3569836841299890e-01 -2.3857784778689655e+00 -2.3857784778689655e+00 0.0000000000000000e+00
1.2800411479260479e-01 4.2197301539744447e-01 2.3569836841299890e-01 -2.5349345553894880e+00 -2.5349345553894875e+00 4.4408920985006262e-16
4.3221700163628182e-02 4.3883728620345791e-01 2.3569836841299890e-01 -2.5492969313321390e+00 -2.5492969313321394e+00 4.4408920985006262e-16
4.7616620322862935e-01 4.6898277587240383e-02 1.4514233862723117e-01 -2.1084663667303097e-01 -2.1084663667303094e-01 2.7755575615628914e-17
4.5786740307563634e-01 1.3889255825490054e-01 1.4514233862723117e-01 -7.1757976209075180e-01 -7.1757976209075169e-01 1.1102230246251565e-16
4.2197301539744453e-01 2.2554927580066897e-01 1.4514233862723117e-01 -1.2832410606102076e+00 -1.2832410606102078e+00 2.2204460492503131e-16
3.6986244138272228e-01 3.0353826116690880e-01 1.4514233862723117e-01 -1.8281729786289631e+00 -1.8281729786289636e+00 4.4408920985006262e-16
3.0353826116690880e-01 3.6986244138272228e-01 1.4514233862723117e-01 -2.2781456434914480e+00 -2.2781456434914480e+00 0.0000000000000000e+00
2.2554927580066905e-01 4.2197301539744447e-01 1.4514233862723117e-01 -2.5836620222418434e+00 -2.5836620222418434e+00 0.0000000000000000e+00
1.3889255825490054e-01 4.5786740307563639e-01 1.4514233862723117e-01 -2.7278059805426724e+00 -2.7278059805426724e+00 0.0000000000000000e+00
4.6898277587240460e-02 4.7616620322862929e-01 1.4514233862723117e-01 -2.7220149964162950e+00 -2.7220149964162954e+00 4.4408920985006262e-16
4.9519632010080761e-01 4.8772580504032062e-02 4.9008570164780385e-02 -2.1503885823929889e-01 -2.1503885823929889e-01 0.0000000000000000e+00
4.7616620322862924e-01 1.4444343859530448e-01 4.9008570164780385e-02 -7.4016839794758293e-01 -7.4016839794758305e-01 1.1102230246251565e-16
4.3883728620345797e-01 2.3456341634617298e-01 4.9008570164780385e-02 -1.3321045278019870e+00 -1.3321045278019867e+00 2.2204460492503131e-16
3.8464409837227320e-01 3.1566925355153741e-01 4.9008570164780385e-02 -1.9028899909950578e+00 -1.9028899909950578e+00 0.0000000000000000e+00
3.1566925355153741e-01 3.8464409837227320e-01 4.9008570164780385e-02 -2.3710194944545067e+00 -2.3710194944545067e+00 0.0000000000000000e+00
2.3456341634617306e-01 4.3883728620345791e-01 4.9008570164780385e-02 -2.6831900877184132e+00 -2.6831900877184127e+00 4.4408920985006262e-16
1.4444343859530448e-01 4.7616620322862929e-01 4.9008570164780385e-02 -2.8227750327243784e+00 -2.8227750327243784e+00 0.0000000000000000e+00
4.8772580504032145e-02 4.9519632010080755e-01 4.9008570164780385e-02 -2.8045216589219630e+00 -2.8045216589219630e+00 0.0000000000000000e+00
4.9008570164780302e-02 2.4076366639015569e-03 9.9879545620517241e-01 1.2033241735184108e-02 1.2033241735184112e-02 3.4694469519536142e-18
4.8536590843283836e-02 7.1997231344832187e-03 9.9879545620517241e-01 3.6057398361816206e-02 3.6057398361816206e-02 0.0000000000000000e+00
4.7597177619167048e-02 1.1922472335510791e-02 9.9879545620517241e-01 5.9828388034092524e-02 5.9828388034092517e-02 6.9388939039072284e-18
4.6199377555313705e-02 1.6530401610461053e-02 9.9879545620517241e-01 8.3109908617740813e-02 8.3109908617740813e-02 0.0000000000000000e+00
4.4356652230453937e-02 2.0979134081465862e-02 9.9879545620517241e-01 1.0566781093356772e-01 1.0566781093356772e-01 0.0000000000000000e+00
4.2086748096802289e-02 2.5225826022904893e-02 9.9879545620517241e-01 1.2727285441843206e-01 1.2727285441843206e-01 0.0000000000000000e+00
3.9411525572021641e-02 2.9229579469904138e-02 9.9879545620517241e-01 1.4770349507605124e-01 1.4770349507605124e-01 0.0000000000000000e+00
3.6356748511451015e-02 3.2951836088094717e-02 9.9879545620517241e-01 1.6674864565028039e-01 1.6674864565028039e-01 0.0000000000000000e+00
3.2951836088094717e-02 3.6356748511451015e-02 9.9879545620517241e-01 1.8421034741111422e-01 1.8421034741111422e-01 0.0000000000000000e+00
2.9229579469904145e-02 3.9411525572021634e-02 9.9879545620517241e-01 1.9990629524061693e-01 1.9990629524061695e-01 2.7755575615628914e-17
2.5225826022904893e-02 4.2086748096802289e-02 9.9879545620517241e-01 2.1367216257357591e-01 2.1367216257357591e-01 0.0000000000000000e+00
2.0979134081465869e-02 4.4356652230453937e-02 9.9879545620517241e-01 2.2536367974008636e-01 2.2536367974008636e-01 0.0000000000000000e+00
1.6530401610461053e-02 4.6199377555313705e-02 9.9879545620517241e-01 2.3485842780008787e-01 2.3485842780008787e-01 0.0000000000000000e+00
1.1922472335510796e-02 4.7597177619167048e-02 9.9879545620517241e-01 2.4205731940838951e-01 2.4205731940838948e-01 2.7755575615628914e-17
7.1997231344832187e-03 4.8536590843283836e-02 9.9879545620517241e-01 2.4688574794967494e-01 2.4688574794967494e-01 0.0000000000000000e+00
2.4076366639015625e-03 4.9008570164780302e-02 9.9879545620517241e-01 2.4929439553292954e-01 2.4929439553292954e-01 0.0000000000000000e+00
1.4655373117284443e-01 7.1997231344832187e-03 9.8917650996478101e-01 3.5661742805343274e-02 3.5661742805343274e-02 0.0000000000000000e+00
1.4514233862723119e-01 2.1529832133895567e-02 9.8917650996478101e-01 1.0739010966416007e-01 1.0739010966416006e-01 1.3877787807814457e-17
1.4233314601776459e-01 3.5652597080455060e-02 9.8917650996478101e-01 1.7901760863463106e-01 1.7901760863463106e-01 0.0000000000000000e+00
1.3815320740493470e-01 4.9432008027437711e-02 9.8917650996478101e-01 2.4974667855855109e-01 2.4974667855855109e-01 0.0000000000000000e+00
1.3264277788256992e-01 6.2735361714831808e-02 9.8917650996478101e-01 3.1876071015679214e-01 3.1876071015679214e-01 0.0000000000000000e+00
1.2585492589927788e-01 7.5434539574274886e-02 9.8917650996478101e-01 3.8524081231748997e-01 3.8524081231748997e-01 0.0000000000000000e+00
1.1785502218027494e-01 8.7407241580903752e-02 9.8917650996478101e-01 4.4838336337341900e-01 4.4838336337341911e-01 1.1102230246251565e-16
1.0872011017156737e-01 9.8538164069449860e-02 9.8917650996478101e-01 5.0741742572408566e-01 5.0741742572408555e-01 1.1102230246251565e-16
9.8538164069449860e-02 1.0872011017156737e-01 9.8917650996478101e-01 5.6162114083081838e-01 5.6162114083081827e-01 1.1102230246251565e-16
8.7407241580903766e-02 1.1785502218027492e-01 9.8917650996478101e-01 6.1033633412961119e-01 6.1033633412961130e-01 1.1102230246251565e-16
7.5434539574274886e-02 1.2585492589927788e-01 9.8917650996478101e-01 6.5298073109336030e-01 6.5298073109336019e-01 1.1102230246251565e-16
6.2735361714831822e-02 1.3264277788256992e-01 9.8917650996478101e-01 6.8905739611535521e-01 6.8905739611535521e-01 0.0000000000000000e+00
4.9432008027437711e-02 1.3815320740493470e-01 9.8917650996478101e-01 7.1816123167529833e-01 7.1816123167529833e-01 0.0000000000000000e+00
3.5652597080455074e-02 1.4233314601776459e-01 9.8917650996478101e-01 7.3998259295361746e-01 7.3998259295361746e-01 0.0000000000000000e+00
2.1529832133895567e-02 1.4514233862723119e-01 9.8917650996478101e-01 7.5430826194756517e-01 7.5430826194756517e-01 0.0000000000000000e+00
7.1997231344832352e-03 1.4655373117284443e-01 9.8917650996478101e-01 7.6102016934076278e-01 7.6102016934076278e-01 0.0000000000000000e+00
2.4268749963529529e-01 1.1922472335510791e-02 9.7003125319454397e-01 5.7904001459777317e-02 5.7904001459777317e-02 0.0000000000000000e+00
2.4035028634732516e-01 3.5652597080455060e-02 9.7003125319454397e-01 1.7548885723998647e-01 1.7548885723998647e-01 0.0000000000000000e+00
2.3569836841299879e-01 5.9039367825822475e-02 9.7003125319454397e-01 2.9423697708044549e-01 2.9423697708044549e-01 0.0000000000000000e+00
2.2877654634502079e-01 8.1857557184825819e-02 9.7003125319454397e-01 4.1258453575399401e-01 4.1258453575399401e-01 0.0000000000000000e+00
2.1965148107375859e-01 1.0388741352024673e-01 9.7003125319454397e-01 5.2887836245730657e-01 5.2887836245730657e-01 0.0000000000000000e+00
2.0841105196604257e-01 1.2491677727283064e-01 9.7003125319454397e-01 6.4143103820685776e-01 6.4143103820685776e-01 0.0000000000000000e+00
1.9516351049882358e-01 1.4474312417382063e-01 9.7003125319454397e-01 7.4857867816144674e-01 7.4857867816144674e-01 0.0000000000000000e+00
1.8003643773827380e-01 1.6317551566437638e-01 9.7003125319454397e-01 8.4873704013755247e-01 8.4873704013755247e-01 0.0000000000000000e+00
1.6317551566437638e-01 1.8003643773827380e-01 9.7003125319454397e-01 9.4045193056891963e-01 9.4045193056891963e-01 0.0000000000000000e+00
1.4474312417382065e-01 1.9516351049882355e-01 9.7003125319454397e-01 1.0224406196845930e+00 1.0224406196845930e+00 0.0000000000000000e+00
1.2491677727283064e-01 2.0841105196604257e-01 9.7003125319454397e-01 1.0936220193268846e+00 1.0936220193268844e+00 2.2204460492503131e-16
1.0388741352024676e-01 2.1965148107375859e-01 9.7003125319454397e-01 1.1531345781535851e+00 1.1531345781535851e+00 0.0000000000000000e+00
8.1857557184825819e-02 2.2877654634502079e-01 9.7003125319454397e-01 1.2003420588908067e+00 1.2003420588908067e+00 0.0000000000000000e+00
5.9039367825822503e-02 2.3569836841299879e-01 9.7003125319454397e-01 1.2348284418709066e+00 1.2348284418709068e+00 2.2204460492503131e-16
3.5652597080455060e-02 2.4035028634732516e-01 9.7003125319454397e-01 1.2563840390197867e+00 1.2563840390197867e+00 0.0000000000000000e+00
1.1922472335510819e-02 2.4268749963529529e-01 9.7003125319454397e-01 1.2649854341593922e+00 1.2649854341593922e+00 0.0000000000000000e+00
3.3648405480977606e-01 1.6530401610461053e-02 9.4154406518302081e-01 7.7909657915737923e-02 7.7909657915737923e-02 0.0000000000000000e+00
3.3324352942106295e-01 4.9432008027437711e-02 9.4154406518302081e-01 2.3807537495088640e-01 2.3807537495088640e-01 0.0000000000000000e+00
3.2679368667458142e-01 8.1857557184825819e-02 9.4154406518302081e-01 4.0208059574807897e-01 4.0208059574807897e-01 0.0000000000000000e+00
3.1719664208182274e-01 1.1349477331863152e-01 9.4154406518302081e-01 5.6728065638175407e-01 5.6728065638175407e-01 0.0000000000000000e+00
3.0454482042849346e-01 1.4403897274282468e-01 9.4154406518302081e-01 7.3079878316409019e-01 7.3079878316409030e-01 1.1102230246251565e-16
2.8896006567330434e-01 1.7319599811979244e-01 9.4154406518302081e-01 8.8966295729075728e-01 8.8966295729075739e-01 1.1102230246251565e-16
2.7059246752404142e-01 2.0068505135630332e-01 9.4154406518302081e-01 1.0409488370028763e+00 1.0409488370028765e+00 2.2204460492503131e-16
2.4961891599163263e-01 2.2624139784264452e-01 9.4154406518302081e-01 1.1819156285038992e+00 1.1819156285038994e+00 2.2204460492503131e-16
2.2624139784264452e-01 2.4961891599163263e-01 9.4154406518302081e-01 1.3101231400362956e+00 1.3101231400362956e+00 0.0000000000000000e+00
2.0068505135630335e-01 2.7059246752404142e-01 9.4154406518302081e-01 1.4235209430799161e+00 1.4235209430799161e+00 0.0000000000000000e+00
1.7319599811979244e-01 2.8896006567330434e-01 9.4154406518302081e-01 1.5205041540899806e+00 1.5205041540899804e+00 2.2204460492503131e-16
1.4403897274282471e-01 3.0454482042849346e-01 9.4154406518302081e-01 1.5999342971332970e+00 1.5999342971332973e+00 2.2204460492503131e-16
1.1349477331863152e-01 3.1719664208182274e-01 9.4154406518302081e-01 1.6611274701133865e+00 1.6611274701133865e+00 0.0000000000000000e+00
8.1857557184825860e-02 3.2679368667458142e-01 9.4154406518302081e-01 1.7038151581251573e+00 1.7038151581251570e+00 2.2204460492503131e-16
4.9432008027437711e-02 3.3324352942106295e-01 9.4154406518302081e-01 1.7280852040263937e+00 1.7280852040263939e+00 2.2204460492503131e-16
1.6530401610461092e-02 3.3648405480977606e-01 9.4154406518302081e-01 1.7343115155039346e+00 1.7343115155039346e+00 0.0000000000000000e+00
4.2704008459554371e-01 2.0979134081465862e-02 9.0398929312344334e-01 9.5012224402492546e-02 9.5012224402492546e-02 0.0000000000000000e+00
4.2292745513703228e-01 6.2735361714831808e-02 9.0398929312344334e-01 2.9341311880255405e-01 2.9341311880255405e-01 0.0000000000000000e+00
4.1474180308988684e-01 1.0388741352024673e-01 9.0398929312344334e-01 5.0003731545679297e-01 5.0003731545679297e-01 0.0000000000000000e+00
4.0256196075805406e-01 1.4403897274282468e-01 9.0398929312344334e-01 7.1074003964204535e-01 7.1074003964204535e-01 0.0000000000000000e+00
3.8650522668136850e-01 1.8280335791817726e-01 9.0398929312344334e-01 9.2090180486076789e-01 9.2090180486076800e-01 1.1102230246251565e-16
3.6672623598649234e-01 2.1980724682629729e-01 9.0398929312344334e-01 1.1257123909945519e+00 1.1257123909945519e+00 0.0000000000000000e+00
3.4341547116611337e-01 2.5469427178861642e-01 9.0398929312344334e-01 1.3204658551990025e+00 1.3204658551990023e+00 2.2204460492503131e-16
3.1679742762841218e-01 2.8712845168355949e-01 9.0398929312344334e-01 1.5008358024914408e+00 1.5008358024914408e+00 0.0000000000000000e+00
2.8712845168355949e-01 3.1679742762841218e-01 9.0398929312344334e-01 1.6631040531965475e+00 1.6631040531965477e+00 2.2204460492503131e-16
2.5469427178861642e-01 3.4341547116611332e-01 9.0398929312344334e-01 1.8043230857442203e+00 1.8043230857442203e+00 0.0000000000000000e+00
2.1980724682629729e-01 3.6672623598649234e-01 9.0398929312344334e-01 1.9224018813976664e+00 1.9224018813976664e+00 0.0000000000000000e+00
1.8280335791817728e-01 3.8650522668136850e-01 9.0398929312344334e-01 2.0161145298337559e+00 2.0161145298337559e+00 0.0000000000000000e+00
1.4403897274282468e-01 4.0256196075805406e-01 9.0398929312344334e-01 2.0850397436886157e+00 2.0850397436886157e+00 0.0000000000000000e+00
1.0388741352024679e-01 4.1474180308988684e-01 9.0398929312344334e-01 2.1294461794873367e+00 2.1294461794873367e+00 0.0000000000000000e+00
6.2735361714831808e-02 4.2292745513703228e-01 9.0398929312344334e-01 2.1501425422000633e+00 2.1501425422000633e+00 0.0000000000000000e+00
2.0979134081465910e-02 4.2704008459554371e-01 9.0398929312344334e-01 2.1483127240601148e+00 2.1483127240601148e+00 0.0000000000000000e+00
5.1348348492279983e-01 2.5225826022904893e-02 8.5772861000027212e-01 1.0877437784967003e-01 1.0877437784967005e-01 1.3877787807814457e-17
5.0853835826436755e-01 7.5434539574274886e-02 8.5772861000027212e-01 3.4040467196144564e-01 3.4040467196144569e-01 5.5511151231257827e-17
4.9869572922050487e-01 1.2491677727283064e-01 8.5772861000027212e-01 5.8659644047773452e-01 5.8659644047773452e-01 0.0000000000000000e+00
4.8405038768943259e-01 1.7319599811979244e-01 8.5772861000027212e-01 8.4119960323494880e-01 8.4119960323494869e-01 1.1102230246251565e-16
4.6474337631605284e-01 2.1980724682629729e-01 8.5772861000027212e-01 1.0972194598824743e+00 1.0972194598824743e+00 0.0000000000000000e+00
4.4096063217417747e-01 2.6430163158700110e-01 8.5772861000027212e-01 1.3473354481170245e+00 1.3473354481170243e+00 2.2204460492503131e-16
4.1293119609086304e-01 3.0625064715355355e-01 8.5772861000027212e-01 1.5844371844499037e+00 1.5844371844499037e+00 0.0000000000000000e+00
3.8092500685804026e-01 3.4525030157438397e-01 8.5772861000027212e-01 1.8021163070261139e+00 1.8021163070261141e+00 2.2204460492503131e-16
3.4525030157438397e-01 3.8092500685804026e-01 8.5772861000027212e-01 1.9950618994960516e+00 1.9950618994960521e+00 4.4408920985006262e-16
3.0625064715355360e-01 4.1293119609086298e-01 8.5772861000027212e-01 2.1593234044224747e+00 2.1593234044224743e+00 4.4408920985006262e-16
2.6430163158700110e-01 4.4096063217417747e-01 8.5772861000027212e-01 2.2924247434621692e+00 2.2924247434621687e+00 4.4408920985006262e-16
2.1980724682629735e-01 4.6474337631605284e-01 8.5772861000027212e-01 2.3933333579230065e+00 2.3933333579230065e+00 0.0000000000000000e+00
1.7319599811979244e-01 4.8405038768943259e-01 8.5772861000027212e-01 2.4623049887979573e+00 2.4623049887979573e+00 0.0000000000000000e+00
1.2491677727283070e-01 4.9869572922050487e-01 8.5772861000027212e-01 2.5006370875468900e+00 2.5006370875468900e+00 0.0000000000000000e+00
7.5434539574274886e-02 5.0853835826436755e-01 8.5772861000027212e-01 2.5103698226064473e+00 2.5103698226064473e+00 0.0000000000000000e+00
2.5225826022904952e-02 5.1348348492279983e-01 8.5772861000027212e-01 2.4939738899241544e+00 2.4939738899241544e+00 0.0000000000000000e+00
5.9498175859162383e-01 2.9229579469904138e-02 8.0320753148064494e-01 1.1901202415462017e-01 1.1901202415462017e-01 0.0000000000000000e+00
5.8925175900627258e-01 8.7407241580903752e-02 8.0320753148064494e-01 3.7861834246280568e-01 3.7861834246280573e-01 5.5511151231257827e-17
5.7784694286391336e-01 1.4474312417382063e-01 8.0320753148064494e-01 6.6122270363736746e-01 6.6122270363736746e-01 0.0000000000000000e+00
5.6087714477850381e-01 2.0068505135630332e-01 8.0320753148064494e-01 9.5811225786041043e-01 9.5811225786041043e-01 0.0000000000000000e+00
5.3850579318224168e-01 2.5469427178861642e-01 8.0320753148064494e-01 1.2592101123621107e+00 1.2592101123621109e+00 2.2204460492503131e-16
5.1094833642042370e-01 3.0625064715355355e-01 8.0320753148064494e-01 1.5539357849359261e+00 1.5539357849359261e+00 0.0000000000000000e+00
4.7847016786610447e-01 3.5485766137276881e-01 8.0320753148064494e-01 1.8320895320539670e+00 1.8320895320539672e+00 2.2204460492503131e-16
4.4138407003683494e-01 4.0004720232803426e-01 8.0320753148064494e-01 2.0846512858096644e+00 2.0846512858096640e+00 4.4408920985006262e-16
4.0004720232803426e-01 4.4138407003683494e-01 8.0320753148064494e-01 2.3044038512359011e+00 2.3044038512359011e+00 0.0000000000000000e+00
3.5485766137276892e-01 4.7847016786610441e-01 8.0320753148064494e-01 2.4863213579274737e+00 2.4863213579274737e+00 0.0000000000000000e+00
3.0625064715355355e-01 5.1094833642042370e-01 8.0320753148064494e-01 2.6277011215509640e+00 2.6277011215509640e+00 0.0000000000000000e+00
2.5469427178861648e-01 5.3850579318224168e-01 8.0320753148064494e-01 2.7280531353252018e+00 2.7280531353252018e+00 0.0000000000000000e+00
2.0068505135630332e-01 5.6087714477850381e-01 8.0320753148064494e-01 2.7887906307254076e+00 2.7887906307254076e+00 0.0000000000000000e+00
1.4474312417382068e-01 5.7784694286391336e-01 8.0320753148064494e-01 2.8127839254295601e+00 2.8127839254295606e+00 4.4408920985006262e-16
8.7407241580903752e-02 5.8925175900627258e-01 8.0320753148064494e-01 2.8038470047146244e+00 2.8038470047146240e+00 4.4408920985006262e-16
2.9229579469904204e-02 5.9498175859162383e-01 8.0320753148064494e-01 2.7662230571954516e+00 2.7662230571954516e+00 0.0000000000000000e+00
6.7075003267509647e-01 3.2951836088094717e-02 7.4095112535495911e-01 1.2579551688760696e-01 1.2579551688760698e-01 2.7755575615628914e-17
6.6429034319116953e-01 9.8538164069449860e-02 7.4095112535495911e-01 4.0824536704782388e-01 4.0824536704782388e-01 0.0000000000000000e+00
6.5143317456427141e-01 1.6317551566437638e-01 7.4095112535495911e-01 7.2421289334749150e-01 7.2421289334749139e-01 1.1102230246251565e-16
6.3230234835672239e-01 2.2624139784264452e-01 7.4095112535495911e-01 1.0618609128788059e+00 1.0618609128788057e+00 2.2204460492503131e-16
6.0708210488287451e-01 2.8712845168355949e-01 7.4095112535495911e-01 1.4073083465369238e+00 1.4073083465369240e+00 2.2204460492503131e-16
5.7601532887416851e-01 3.4525030157438397e-01 7.4095112535495911e-01 1.7459511644375136e+00 1.7459511644375141e+00 4.4408920985006262e-16
5.3940121036639554e-01 4.0004720232803426e-01 7.4095112535495911e-01 2.0638126591994168e+00 2.0638126591994168e+00 0.0000000000000000e+00
4.9759236333609841e-01 4.5099142983521961e-01 7.4095112535495911e-01 2.3487458425564030e+00 2.3487458425564030e+00 0.0000000000000000e+00
4.5099142983521961e-01 4.9759236333609841e-01 7.4095112535495911e-01 2.5913452073427208e+00 2.5913452073427212e+00 4.4408920985006262e-16
4.0004720232803437e-01 5.3940121036639543e-01 7.4095112535495911e-01 2.7854798387524751e+00 2.7854798387524751e+00 0.0000000000000000e+00
3.4525030157438397e-01 5.7601532887416851e-01 7.4095112535495911e-01 2.9284227514003298e+00 2.9284227514003298e+00 0.0000000000000000e+00
2.8712845168355960e-01 6.0708210488287451e-01 7.4095112535495911e-01 3.0206101507135461e+00 3.0206101507135457e+00 4.4408920985006262e-16
2.2624139784264452e-01 6.3230234835672239e-01 7.4095112535495911e-01 3.0651094703233368e+00 3.0651094703233372e+00 4.4408920985006262e-16
1.6317551566437644e-01 6.5143317456427141e-01 7.4095112535495911e-01 3.0669011778272681e+00 3.0669011778272681e+00 0.0000000000000000e+00
9.8538164069449860e-02 6.6429034319116953e-01 7.4095112535495911e-01 3.0320857095510254e+00 3.0320857095510259e+00 4.4408920985006262e-16
3.2951836088094787e-02 6.7075003267509647e-01 7.4095112535495911e-01 2.9671165148670520e+00 2.9671165148670520e+00 0.0000000000000000e+00
7.4005861727464228e-01 3.6356748511451015e-02 6.7155895484701833e-01 1.2942873182303644e-01 1.2942873182303644e-01 0.0000000000000000e+00
7.3293144823309542e-01 1.0872011017156737e-01 6.7155895484701833e-01 4.2999834470075254e-01 4.2999834470075249e-01 5.5511151231257827e-17
7.1874574868397867e-01 1.8003643773827380e-01 6.7155895484701833e-01 7.7646551819696519e-01 7.7646551819696530e-01 1.1102230246251565e-16
6.9763813466864222e-01 2.4961891599163263e-01 6.7155895484701833e-01 1.1533633991129797e+00 1.1533633991129799e+00 2.2204460492503131e-16
6.6981188404864933e-01 3.1679742762841218e-01 6.7155895484701833e-01 1.5423469128208678e+00 1.5423469128208678e+00 0.0000000000000000e+00
6.3553497882884646e-01 3.8092500685804026e-01 6.7155895484701833e-01 1.9240930406663792e+00 1.9240930406663790e+00 2.2204460492503131e-16
5.9513752434416256e-01 4.4138407003683494e-01 6.7155895484701833e-01 2.2802329985399123e+00 2.2802329985399123e+00 0.0000000000000000e+00
5.4900857016478033e-01 4.9759236333609841e-01 6.7155895484701833e-01 2.5950498805231987e+00 2.5950498805231987e+00 0.0000000000000000e+00
4.9759236333609841e-01 5.4900857016478033e-01 6.7155895484701833e-01 2.8567323704853296e+00 2.8567323704853296e+00 0.0000000000000000e+00
4.4138407003683505e-01 5.9513752434416256e-01 6.7155895484701833e-01 3.0580626677772003e+00 3.0580626677772007e+00 4.4408920985006262e-16
3.8092500685804026e-01 6.3553497882884646e-01 6.7155895484701833e-01 3.1965145757171856e+00 3.1965145757171856e+00 0.0000000000000000e+00
3.1679742762841229e-01 6.6981188404864933e-01 6.7155895484701833e-01 3.2738260997258308e+00 3.2738260997258308e+00 0.0000000000000000e+00
2.4961891599163263e-01 6.9763813466864222e-01 6.7155895484701833e-01 3.2951752619645864e+00 3.2951752619645860e+00 4.4408920985006262e-16
1.8003643773827385e-01 7.1874574868397867e-01 6.7155895484701833e-01 3.2681209891337404e+00 3.2681209891337399e+00 4.4408920985006262e-16
1.0872011017156737e-01 7.3293144823309542e-01 6.7155895484701833e-01 3.2014732877544478e+00 3.2014732877544478e+00 0.0000000000000000e+00
3.6356748511451098e-02 7.4005861727464228e-01 6.7155895484701833e-01 3.1042347595906099e+00 3.1042347595906103e+00 4.4408920985006262e-16
8.0224003283264100e-01 3.9411525572021634e-02 5.9569930449243347e-01 1.3040886837306073e-01 1.3040886837306076e-01 2.7755575615628914e-17
7.9451402276745120e-01 1.1785502218027492e-01 5.9569930449243347e-01 4.4496895567033240e-01 4.4496895567033234e-01 5.5511151231257827e-17
7.7913640833746600e-01 1.9516351049882355e-01 5.9569930449243347e-01 8.1920863319898973e-01 8.1920863319898962e-01 1.1102230246251565e-16
7.5625528437590550e-01 2.7059246752404142e-01 5.9569930449243347e-01 1.2336498009147630e+00 1.2336498009147627e+00 2.2204460492503131e-16
7.2609100861461395e-01 3.4341547116611332e-01 5.9569930449243347e-01 1.6649740348486581e+00 1.6649740348486581e+00 0.0000000000000000e+00
6.8893407951864327e-01 4.1293119609086298e-01 5.9569930449243347e-01 2.0886055446054055e+00 2.0886055446054050e+00 4.4408920985006262e-16
6.4514233862723114e-01 4.7847016786610441e-01 5.9569930449243347e-01 2.4813241993479678e+00 2.4813241993479682e+00 4.4408920985006262e-16
5.9513752434416256e-01 5.3940121036639543e-01 5.9569930449243347e-01 2.8235333382336005e+00 2.8235333382336001e+00 4.4408920985006262e-16
5.3940121036639543e-01 5.9513752434416256e-01 5.9569930449243347e-01 3.1008941191701616e+00 3.1008941191701616e+00 0.0000000000000000e+00
4.7847016786610447e-01 6.4514233862723103e-01 5.9569930449243347e-01 3.3051679248789734e+00 3.3051679248789729e+00 4.4408920985006262e-16
4.1293119609086298e-01 6.8893407951864327e-01 5.9569930449243347e-01 3.4342498043679228e+00 3.4342498043679228e+00 0.0000000000000000e+00
3.4341547116611343e-01 7.2609100861461395e-01 5.9569930449243347e-01 3.4914998709448293e+00 3.4914998709448293e+00 0.0000000000000000e+00
2.7059246752404142e-01 7.5625528437590550e-01 5.9569930449243347e-01 3.4845653377261088e+00 3.4845653377261083e+00 4.4408920985006262e-16
1.9516351049882366e-01 7.7913640833746600e-01 5.9569930449243347e-01 3.4239246397957372e+00 3.4239246397957372e+00 0.0000000000000000e+00
1.1785502218027492e-01 7.9451402276745120e-01 5.9569930449243347e-01 3.3213795492340830e+00 3.3213795492340825e+00 4.4408920985006262e-16
3.9411525572021724e-02 8.0224003283264100e-01 5.9569930449243347e-01 3.1886823342666482e+00 3.1886823342666482e+00 0.0000000000000000e+00
8.5669543832545014e-01 4.2086748096802289e-02 5.1410274419322166e-01 1.2937158851821459e-01 1.2937158851821459e-01 0.0000000000000000e+00
8.4844499293701192e-01 1.2585492589927788e-01 5.1410274419322166e-01 4.5446720255261364e-01 4.5446720255261375e-01 1.1102230246251565e-16
8.3202355845937825e-01 2.0841105196604257e-01 5.1410274419322166e-01 8.5373607449879918e-01 8.5373607449879918e-01 0.0000000000000000e+00
8.0758928228343807e-01 2.8896006567330434e-01 5.1410274419322166e-01 1.3034981030708654e+00 1.3034981030708654e+00 0.0000000000000000e+00
7.7537747984589955e-01 3.6672623598649234e-01 5.1410274419322166e-01 1.7751914009421992e+00 1.7751914009421990e+00 2.2204460492503131e-16
7.3569836841299896e-01 4.4096063217417747e-01 5.1410274419322166e-01 2.2387084154818884e+00 2.2387084154818888e+00 4.4408920985006262e-16
6.8893407951864338e-01 5.1094833642042370e-01 5.1410274419322166e-01 2.6657551030519353e+00 2.6657551030519349e+00 4.4408920985006262e-16
6.3553497882884646e-01 5.7601532887416851e-01 5.1410274419322166e-01 3.0327344337588897e+00 3.0327344337588897e+00 0.0000000000000000e+00
5.7601532887416851e-01 6.3553497882884646e-01 5.1410274419322166e-01 3.3227790242165858e+00 3.3227790242165858e+00 0.0000000000000000e+00
5.1094833642042381e-01 6.8893407951864327e-01 5.1410274419322166e-01 3.5267374966986647e+00 3.5267374966986647e+00 0.0000000000000000e+00
4.4096063217417747e-01 7.3569836841299896e-01 5.1410274419322166e-01 3.6431110726756062e+00 3.6431110726756062e+00 0.0000000000000000e+00
3.6672623598649240e-01 7.7537747984589955e-01 5.1410274419322166e-01 3.6771004727193590e+00 3.6771004727193590e+00 0.0000000000000000e+00
2.8896006567330434e-01 8.0758928228343807e-01 5.1410274419322166e-01 3.6390310893069007e+00 3.6390310893069007e+00 0.0000000000000000e+00
2.0841105196604268e-01 8.3202355845937825e-01 5.1410274419322166e-01 3.5424666202450057e+00 3.5424666202450061e+00 4.4408920985006262e-16
1.2585492589927788e-01 8.4844499293701192e-01 5.1410274419322166e-01 3.4023039938456563e+00 3.4023039938456563e+00 0.0000000000000000e+00
4.2086748096802386e-02 8.5669543832545014e-01 5.1410274419322166e-01 3.2330825743673128e+00 3.2330825743673128e+00 0.0000000000000000e+00
9.0290039842982095e-01 4.4356652230453937e-02 4.2755509343028220e-01 1.2702719869233228e-01 1.2702719869233228e-01 0.0000000000000000e+00
8.9420497401737709e-01 1.3264277788256992e-01 4.2755509343028220e-01 4.5986443347067640e-01 4.5986443347067640e-01 0.0000000000000000e+00
8.7689786688298366e-01 2.1965148107375859e-01 4.2755509343028220e-01 8.8119708553227727e-01 8.8119708553227738e-01 1.1102230246251565e-16
8.5114575392937220e-01 3.0454482042849346e-01 4.2755509343028220e-01 1.3631998858284373e+00 1.3631998858284375e+00 2.2204460492503131e-16
8.1719664208182274e-01 3.8650522668136850e-01 4.2755509343028220e-01 1.8721124707193473e+00 1.8721124707193475e+00 2.2204460492503131e-16
7.7537747984589955e-01 4.6474337631605284e-01 4.2755509343028220e-01 2.3723498766631956e+00 2.3723498766631956e+00 0.0000000000000000e+00
7.2609100861461406e-01 5.3850579318224168e-01 4.2755509343028220e-01 2.8306242809489897e+00 2.8306242809489897e+00 0.0000000000000000e+00
6.6981188404864933e-01 6.0708210488287451e-01 4.2755509343028220e-01 3.2194495745916432e+00 3.2194495745916432e+00 0.0000000000000000e+00
6.0708210488287451e-01 6.6981188404864933e-01 4.2755509343028220e-01 3.5195644429166166e+00 3.5195644429166166e+00 0.0000000000000000e+00
5.3850579318224179e-01 7.2609100861461395e-01 4.2755509343028220e-01 3.7210438998831732e+00 3.7210438998831736e+00 4.4408920985006262e-16
4.6474337631605284e-01 7.7537747984589955e-01 4.2755509343028220e-01 3.8231148876131993e+00 3.8231148876131993e+00 0.0000000000000000e+00
3.8650522668136855e-01 8.1719664208182274e-01 4.2755509343028220e-01 3.8328960081880927e+00 3.8328960081880923e+00 4.4408920985006262e-16
3.0454482042849346e-01 8.5114575392937220e-01 4.2755509343028220e-01 3.7634106095402187e+00 3.7634106095402187e+00 0.0000000000000000e+00
2.1965148107375870e-01 8.7689786688298366e-01 4.2755509343028220e-01 3.6312656855571843e+00 3.6312656855571843e+00 0.0000000000000000e+00
1.3264277788256992e-01 8.9420497401737709e-01 4.2755509343028220e-01 3.4543568356956222e+00 3.4543568356956222e+00 0.0000000000000000e+00
4.4356652230454041e-02 9.0290039842982095e-01 4.2755509343028220e-01 3.2498759864453297e+00 3.2498759864453293e+00 4.4408920985006262e-16
9.4040993412174789e-01 4.6199377555313705e-02 3.3688985339222005e-01 1.2409393149311673e-01 1.2409393149311673e-01 0.0000000000000000e+00
9.3135327237579280e-01 1.3815320740493470e-01 3.3688985339222005e-01 4.6245827128706357e-01 4.6245827128706357e-01 0.0000000000000000e+00
9.1332716948737103e-01 2.2877654634502079e-01 3.3688985339222005e-01 9.0246926565365682e-01 9.0246926565365682e-01 0.0000000000000000e+00
8.8650522668136855e-01 3.1719664208182274e-01 3.3688985339222005e-01 1.4124968720251436e+00 1.4124968720251436e+00 0.0000000000000000e+00
8.5114575392937220e-01 4.0256196075805406e-01 3.3688985339222005e-01 1.9539910839642602e+00 1.9539910839642602e+00 0.0000000000000000e+00
8.0758928228343807e-01 4.8405038768943259e-01 3.3688985339222005e-01 2.4863265767233433e+00 2.4863265767233433e+00 0.0000000000000000e+00
7.5625528437590561e-01 5.6087714477850381e-01 3.3688985339222005e-01 2.9716436809991253e+00 2.9716436809991258e+00 4.4408920985006262e-16
6.9763813466864222e-01 6.3230234835672239e-01 3.3688985339222005e-01 3.3789322588419011e+00 3.3789322588419015e+00 4.4408920985006262e-16
6.3230234835672239e-01 6.9763813466864222e-01 3.3688985339222005e-01 3.6868100483282324e+00 3.6868100483282324e+00 0.0000000000000000e+00
5.6087714477850392e-01 7.5625528437590550e-01 3.3688985339222005e-01 3.8847353066419368e+00 3.8847353066419363e+00 4.4408920985006262e-16
4.8405038768943259e-01 8.0758928228343807e-01 3.3688985339222005e-01 3.9726915967302912e+00 3.9726915967302920e+00 8.8817841970012523e-16
4.0256196075805417e-01 8.5114575392937220e-01 3.3688985339222005e-01 3.9596257736871316e+00 3.9596257736871312e+00 4.4408920985006262e-16
3.1719664208182274e-01 8.8650522668136855e-01 3.3688985339222005e-01 3.8610682400463987e+00 3.8610682400463987e+00 0.0000000000000000e+00
2.2877654634502090e-01 9.1332716948737103e-01 3.3688985339222005e-01 3.6964066942443075e+00 3.6964066942443070e+00 4.4408920985006262e-16
1.3815320740493470e-01 9.3135327237579280e-01 3.3688985339222005e-01 3.4862361958876686e+00 3.4862361958876686e+00 0.0000000000000000e+00
4.6199377555313809e-02 9.4040993412174789e-01 3.3688985339222005e-01 3.2501008020740021e+00 3.2501008020740025e+00 4.4408920985006262e-16
9.6886280806771963e-01 4.7597177619167048e-02 2.4298017990326398e-01 1.2123403419399814e-01 1.2123403419399814e-01 0.0000000000000000e+00
9.5953212959174183e-01 1.4233314601776459e-01 2.4298017990326398e-01 4.6337031217131192e-01 4.6337031217131197e-01 5.5511151231257827e-17
9.4096063217417747e-01 2.3569836841299879e-01 2.4298017990326398e-01 9.1812314427837738e-01 9.1812314427837749e-01 1.1102230246251565e-16
9.1332716948737103e-01 3.2679368667458142e-01 2.4298017990326398e-01 1.4506878351091297e+00 1.4506878351091297e+00 0.0000000000000000e+00
8.7689786688298366e-01 4.1474180308988684e-01 2.4298017990326398e-01 2.0185070248641441e+00 2.0185070248641437e+00 4.4408920985006262e-16
8.3202355845937825e-01 4.9869572922050487e-01 2.4298017990326398e-01 2.5767429488211211e+00 2.5767429488211211e+00 0.0000000000000000e+00
7.7913640833746611e-01 5.7784694286391336e-01 2.4298017990326398e-01 3.0837307129113283e+00 3.0837307129113287e+00 4.4408920985006262e-16
7.1874574868397867e-01 6.5143317456427141e-01 2.4298017990326398e-01 3.5055509721415543e+00 3.5055509721415543e+00 0.0000000000000000e+00
6.5143317456427141e-01 7.1874574868397867e-01 2.4298017990326398e-01 3.8191020177333463e+00 3.8191020177333468e+00 4.4408920985006262e-16
5.7784694286391347e-01 7.7913640833746600e-01 2.4298017990326398e-01 4.0133872633065533e+00 4.0133872633065533e+00 0.0000000000000000e+00
4.9869572922050487e-01 8.3202355845937825e-01 2.4298017990326398e-01 4.0890777679169767e+00 4.0890777679169759e+00 8.8817841970012523e-16
4.1474180308988695e-01 8.7689786688298366e-01 2.4298017990326398e-01 4.0566856960887989e+00 4.0566856960887989e+00 0.0000000000000000e+00
3.2679368667458142e-01 9.1332716948737103e-01 2.4298017990326398e-01 3.9338478162163564e+00 3.9338478162163559e+00 4.4408920985006262e-16
2.3569836841299890e-01 9.4096063217417747e-01 2.4298017990326398e-01 3.7422579672269576e+00 3.7422579672269576e+00 0.0000000000000000e+00
1.4233314601776459e-01 9.5953212959174183e-01 2.4298017990326398e-01 3.5047237986003137e+00 3.5047237986003137e+00 0.0000000000000000e+00
4.7597177619167159e-02 9.6886280806771963e-01 2.4298017990326398e-01 3.2426939970455546e+00 3.2426939970455542e+00 4.4408920985006262e-16
9.8798500353771368e-01 4.8536590843283836e-02 1.4673047445536175e-01 1.1899749158094235e-01 1.1899749158094235e-01 0.0000000000000000e+00
9.7847016786610452e-01 1.4514233862723119e-01 1.4673047445536175e-01 4.6347897421838669e-01 4.6347897421838674e-01 5.5511151231257827e-17
9.5953212959174183e-01 2.4035028634732516e-01 1.4673047445536175e-01 9.2846377194271290e-01 9.2846377194271279e-01 1.1102230246251565e-16
9.3135327237579280e-01 3.3324352942106295e-01 1.4673047445536175e-01 1.4768635550578595e+00 1.4768635550578597e+00 2.2204460492503131e-16
8.9420497401737709e-01 4.2292745513703228e-01 1.4673047445536175e-01 2.0632330335376778e+00 2.0632330335376774e+00 4.4408920985006262e-16
8.4844499293701192e-01 5.0853835826436755e-01 1.4673047445536175e-01 2.6397013641328049e+00 2.6397013641328053e+00 4.4408920985006262e-16
7.9451402276745131e-01 5.8925175900627258e-01 1.4673047445536175e-01 3.1618720023038334e+00 3.1618720023038338e+00 4.4408920985006262e-16
7.3293144823309542e-01 6.6429034319116953e-01 1.4673047445536175e-01 3.5937495714730057e+00 3.5937495714730057e+00 0.0000000000000000e+00
6.6429034319116953e-01 7.3293144823309542e-01 1.4673047445536175e-01 3.9110216166273797e+00 3.9110216166273801e+00 4.4408920985006262e-16
5.8925175900627269e-01 7.9451402276745120e-01 1.4673047445536175e-01 4.1023948221138413e+00 4.1023948221138404e+00 8.8817841970012523e-16
5.0853835826436755e-01 8.4844499293701192e-01 1.4673047445536175e-01 4.1690627454951601e+00 4.1690627454951601e+00 0.0000000000000000e+00
4.2292745513703239e-01 8.9420497401737709e-01 1.4673047445536175e-01 4.1226824908364055e+00 4.1226824908364055e+00 0.0000000000000000e+00
3.3324352942106295e-01 9.3135327237579280e-01 1.4673047445536175e-01 3.9824115424413411e+00 3.9824115424413411e+00 0.0000000000000000e+00
2.4035028634732528e-01 9.5953212959174183e-01 1.4673047445536175e-01 3.7715933607926848e+00 3.7715933607926853e+00 4.4408920985006262e-16
1.4514233862723119e-01 9.7847016786610452e-01 1.4673047445536175e-01 3.5146048604230993e+00 3.5146048604230988e+00 4.4408920985006262e-16
4.8536590843283947e-02 9.8798500353771368e-01 1.4673047445536175e-01 3.2342335611886108e+00 3.2342335611886108e+00 0.0000000000000000e+00
9.9759236333609846e-01 4.9008570164780302e-02 4.9067674327418126e-02 1.1777705303690225e-01 1.1777705303690227e-01 1.3877787807814457e-17
9.8798500353771368e-01 1.4655373117284443e-01 4.9067674327418126e-02 4.6338246149102641e-01 4.6338246149102646e-01 5.5511151231257827e-17
9.6886280806771963e-01 2.4268749963529529e-01 4.9067674327418126e-02 9.3361659184811929e-01 9.3361659184811940e-01 1.1102230246251565e-16
9.4040993412174789e-01 3.3648405480977606e-01 4.9067674327418126e-02 1.4901960500315121e+00 1.4901960500315121e+00 0.0000000000000000e+00
9.0290039842982095e-01 4.2704008459554371e-01 4.9067674327418126e-02 2.0861626448914321e+00 2.0861626448914317e+00 4.4408920985006262e-16
8.5669543832545014e-01 5.1348348492279983e-01 4.9067674327418126e-02 2.6720574770670473e+00 2.6720574770670464e+00 8.8817841970012523e-16
8.0224003283264111e-01 5.9498175859162383e-01 4.9067674327418126e-02 3.2020563871997614e+00 3.2020563871997609e+00 4.4408920985006262e-16
7.4005861727464228e-01 6.7075003267509647e-01 4.9067674327418126e-02 3.6390829432400711e+00 3.6390829432400715e+00 4.4408920985006262e-16
6.7075003267509647e-01 7.4005861727464228e-01 4.9067674327418126e-02 3.9581993508795201e+00 3.9581993508795197e+00 4.4408920985006262e-16
5.9498175859162394e-01 8.0224003283264100e-01 4.9067674327418126e-02 4.1479665267300243e+00 4.1479665267300252e+00 8.8817841970012523e-16
5.1348348492279983e-01 8.5669543832545014e-01 4.9067674327418126e-02 4.2098600598298468e+00 4.2098600598298477e+00 8.8817841970012523e-16
4.2704008459554382e-01 9.0290039842982095e-01 4.9067674327418126e-02 4.1561418729795037e+00 4.1561418729795037e+00 0.0000000000000000e+00
3.3648405480977606e-01 9.4040993412174789e-01 4.9067674327418126e-02 4.0067666248309193e+00 4.0067666248309193e+00 0.0000000000000000e+00
2.4268749963529540e-01 9.6886280806771963e-01 4.9067674327418126e-02 3.7859377414123396e+00 3.7859377414123396e+00 0.0000000000000000e+00
1.4655373117284443e-01 9.8798500353771368e-01 4.9067674327418126e-02 3.5188459898242255e+00 3.5188459898242259e+00 4.4408920985006262e-16
4.9008570164780413e-02 9.9759236333609846e-01 4.9067674327418126e-02 3.2289694459997458e+00 3.2289694459997458e+00 0.0000000000000000e+00
0.0000000000000000e+00 0.0000000000000000e+00 5.3333333333333333e-01 -2.2844444444444445e+00 -2.2844444444444445e+00 0.0000000000000000e+00
0.0000000000000000e+00 0.0000000000000000e+00 5.9999999999999998e-01 -2.3599999999999999e+00 -2.3599999999999999e+00 0.0000000000000000e+00
0.0000000000000000e+00 0.0000000000000000e+00 6.6666666666666663e-01 -2.4444444444444446e+00 -2.4444444444444446e+00 0.0000000000000000e+00
0.0000000000000000e+00 0.0000000000000000e+00 7.3333333333333328e-01 -2.5377777777777775e+00 -2.5377777777777775e+00 0.0000000000000000e+00
0.0000000000000000e+00 0.0000000000000000e+00 8.0000000000000004e-01 -2.6400000000000001e+00 -2.6400000000000001e+00 0.0000000000000000e+00
0.0000000000000000e+00 0.0000000000000000e+00 8.6666666666666670e-01 -2.7511111111111113e+00 -2.7511111111111113e+00 0.0000000000000000e+00
0.0000000000000000e+00 0.0000000000000000e+00 9.3333333333333335e-01 -2.8711111111111114e+00 -2.8711111111111114e+00 0.0000000000000000e+00
0.0000000000000000e+00 0.0000000000000000e+00 1.0000000000000000e+00 0.0000000000000000e+00 0.0000000000000000e+00 0.0000000000000000e+00
0.0000000000000000e+00 6.6666666666666666e-02 5.3333333333333333e-01 -4.4444444444444444e-03 -4.4444444444444444e-03 0.0000000000000000e+00
0.0000000000000000e+00 6.6666666666666666e-02 5.9999999999999998e-01 -4.4444444444444444e-03 -4.4444444444444444e-03 0.0000000000000000e+00
0.0000000000000000e+00 6.6666666666666666e-02 6.6666666666666663e-01 -4.4444444444444444e-03 -4.4444444444444444e-03 0.0000000000000000e+00
0.0000000000000000e+00 6.6666666666666666e-02 7.3333333333333328e-01 -4.4444444444444444e-03 -4.4444444444444444e-03 0.0000000000000000e+00
0.0000000000000000e+00 6.6666666666666666e-02 8.0000000000000004e-01 -4.4444444444444444e-03 -4.4444444444444444e-03 0.0000000000000000e+00
0.0000000000000000e+00 6.6666666666666666e-02 8.6666666666666670e-01 -4.4444444444444444e-03 -4.4444444444444444e-03 0.0000000000000000e+00
0.0000000000000000e+00 6.6666666666666666e-02 9.3333333333333335e-01 -4.4444444444444444e-03 -4.4444444444444444e-03 0.0000000000000000e+00
0.0000000000000000e+00 1.3333333333333333e-01 5.3333333333333333e-01 -1.7777777777777778e-02 -1.7777777777777778e-02 0.0000000000000000e+00
0.0000000000000000e+00 1.3333333333333333e-01 5.9999999999999998e-01 -1.7777777777777778e-02 -1.7777777777777778e-02 0.0000000000000000e+00
0.0000000000000000e+00 1.3333333333333333e-01 6.6666666666666663e-01 -1.7777777777777778e-02 -1.7777777777777778e-02 0.0000000000000000e+00
0.0000000000000000e+00 1.3333333333333333e-01 7.3333333333333328e-01 -1.7777777777777778e-02 -1.7777777777777778e-02 0.0000000000000000e+00
0.0000000000000000e+00 1.3333333333333333e-01 8.0000000000000004e-01 -1.7777777777777778e-02 -1.7777777777777778e-02 0.0000000000000000e+00
0.0000000000000000e+00 1.3333333333333333e-01 8.6666666666666670e-01 -1.7777777777777778e-02 -1.7777777777777778e-02 0.0000000000000000e+00
0.0000000000000000e+00 1.3333333333333333e-01 9.3333333333333335e-01 -1.7777777777777778e-02 -1.7777777777777778e-02 0.0000000000000000e+00
0.0000000000000000e+00 2.0000000000000001e-01 4.6666666666666667e-01 -4.0000000000000008e-02 -4.0000000000000008e-02 0.0000000000000000e+00
0.0000000000000000e+00 2.0000000000000001e-01 5.3333333333333333e-01 -4.0000000000000008e-02 -4.0000000000000008e-02 0.0000000000000000e+00
0.0000000000000000e+00 2.0000000000000001e-01 5.9999999999999998e-01 -4.0000000000000008e-02 -4.0000000000000008e-02 0.0000000000000000e+00
0.0000000000000000e+00 2.0000000000000001e-01 6.6666666666666663e-01 -4.0000000000000008e-02 -4.0000000000000008e-02 0.0000000000000000e+00
0.0000000000000000e+00 2.0000000000000001e-01 7.3333333333333328e-01 -4.0000000000000008e-02 -4.0000000000000008e-02 0.0000000000000000e+00
0.0000000000000000e+00 2.0000000000000001e-01 8.0000000000000004e-01 -4.0000000000000008e-02 -4.0000000000000008e-02 0.0000000000000000e+00
0.0000000000000000e+00 2.0000000000000001e-01 8.6666666666666670e-01 -4.0000000000000008e-02 -4.0000000000000008e-02 0.0000000000000000e+00
0.0000000000000000e+00 2.0000000000000001e-01 9.3333333333333335e-01 -4.0000000000000008e-02 -4.0000000000000008e-02 0.0000000000000000e+00
0.0000000000000000e+00 2.6666666666666666e-01 4.6666666666666667e-01 -7.1111111111111111e-02 -7.1111111111111111e-02 0.0000000000000000e+00
0.0000000000000000e+00 2.6666666666666666e-01 5.3333333333333333e-01 -7.1111111111111111e-02 -7.1111111111111111e-02 0.0000000000000000e+00
0.0000000000000000e+00 2.6666666666666666e-01 5.9999999999999998e-01 -7.1111111111111111e-02 -7.1111111111111111e-02 0.0000000000000000e+00
0.0000000000000000e+00 2.6666666666666666e-01 6.6666666666666663e-01 -7.1111111111111111e-02 -7.1111111111111111e-02 0.0000000000000000e+00
0.0000000000000000e+00 2.6666666666666666e-01 7.3333333333333328e-01 -7.1111111111111111e-02 -7.1111111111111111e-02 0.0000000000000000e+00
0.0000000000000000e+00 2.6666666666666666e-01 8.0000000000000004e-01 -7.1111111111111111e-02 -7.1111111111111111e-02 0.0000000000000000e+00
0.0000000000000000e+00 2.6666666666666666e-01 8.6666666666666670e-01 -7.1111111111111111e-02 -7.1111111111111111e-02 0.0000000000000000e+00
0.0000000000000000e+00 2.6666666666666666e-01 9.3333333333333335e-01 -7.1111111111111111e-02 -7.1111111111111111e-02 0.0000000000000000e+00
0.0000000000000000e+00 3.3333333333333331e-01 4.0000000000000002e-01 -1.1111111111111110e-01 -1.1111111111111110e-01 0.0000000000000000e+00
0.0000000000000000e+00 3.3333333333333331e-01 4.6666666666666667e-01 -1.1111111111111110e-01 -1.1111111111111110e-01 0.0000000000000000e+00
0.0000000000000000e+00 3.3333333333333331e-01 5.3333333333333333e-01 -1.1111111111111110e-01 -1.1111111111111110e-01 0.0000000000000000e+00
0.0000000000000000e+00 3.3333333333333331e-01 5.9999999999999998e-01 -1.1111111111111110e-01 -1.1111111111111110e-01 0.0000000000000000e+00
0.0000000000000000e+00 3.3333333333333331e-01 6.6666666666666663e-01 -1.1111111111111110e-01 -1.1111111111111110e-01 0.0000000000000000e+00
0.0000000000000000e+00 3.3333333333333331e-01 7.3333333333333328e-01 -1.1111111111111110e-01 -1.1111111111111110e-01 0.0000000000000000e+00
0.0000000000000000e+00 3.3333333333333331e-01 8.0000000000000004e-01 -1.1111111111111110e-01 -1.1111111111111110e-01 0.0000000000000000e+00
0.0000000000000000e+00 3.3333333333333331e-01 8.6666666666666670e-01 -1.1111111111111110e-01 -1.1111111111111110e-01 0.0000000000000000e+00
0.0000000000000000e+00 3.3333333333333331e-01 9.3333333333333335e-01 -1.1111111111111110e-01 -1.1111111111111110e-01 0.0000000000000000e+00
0.0000000000000000e+00 4.0000000000000002e-01 3.3333333333333331e-01 -1.6000000000000003e-01 -1.6000000000000003e-01 0.0000000000000000e+00
0.0000000000000000e+00 4.0000000000000002e-01 4.0000000000000002e-01 -1.6000000000000003e-01 -1.6000000000000003e-01 0.0000000000000000e+00
0.0000000000000000e+00 4.0000000000000002e-01 4.6666666666666667e-01 -1.6000000000000003e-01 -1.6000000000000003e-01 0.0000000000000000e+00
0.0000000000000000e+00 4.0000000000000002e-01 5.3333333333333333e-01 -1.6000000000000003e-01 -1.6000000000000003e-01 0.0000000000000000e+00
0.0000000000000000e+00 4.0000000000000002e-01 5.9999999999999998e-01 -1.6000000000000003e-01 -1.6000000000000003e-01 0.0000000000000000e+00
0.0000000000000000e+00 4.0000000000000002e-01 6.6666666666666663e-01 -1.6000000000000003e-01 -1.6000000000000003e-01 0.0000000000000000e+00
0.0000000000000000e+00 4.0000000000000002e-01 7.3333333333333328e-01 -1.6000000000000003e-01 -1.6000000000000003e-01 0.0000000000000000e+00
0.0000000000000000e+00 4.0000000000000002e-01 8.0000000000000004e-01 -1.6000000000000003e-01 -1.6000000000000003e-01 0.0000000000000000e+00
0.0000000000000000e+00 4.0000000000000002e-01 8.6666666666666670e-01 -1.6000000000000003e-01 -1.6000000000000003e-01 0.0000000000000000e+00
0.0000000000000000e+00 4.6666666666666667e-01 2.0000000000000001e-01 -2.1777777777777779e-01 -2.1777777777777779e-01 0.0000000000000000e+00
0.0000000000000000e+00 4.6666666666666667e-01 2.6666666666666666e-01 -2.1777777777777779e-01 -2.1777777777777779e-01 0.0000000000000000e+00
0.0000000000000000e+00 4.6666666666666667e-01 3.3333333333333331e-01 -2.1777777777777779e-01 -2.1777777777777779e-01 0.0000000000000000e+00
0.0000000000000000e+00 4.6666666666666667e-01 4.0000000000000002e-01 -2.1777777777777779e-01 -2.1777777777777779e-01 0.0000000000000000e+00
0.0000000000000000e+00 4.6666666666666667e-01 4.6666666666666667e-01 -2.1777777777777779e-01 -2.1777777777777779e-01 0.0000000000000000e+00
0.0000000000000000e+00 4.6666666666666667e-01 5.3333333333333333e-01 -2.1777777777777779e-01 -2.1777777777777779e-01 0.0000000000000000e+00
0.0000000000000000e+00 4.6666666666666667e-01 5.9999999999999998e-01 -2.1777777777777779e-01 -2.1777777777777779e-01 0.0000000000000000e+00
0.0000000000000000e+00 4.6666666666666667e-01 6.6666666666666663e-01 -2.1777777777777779e-01 -2.1777777777777779e-01 0.0000000000000000e+00
0.0000000000000000e+00 4.6666666666666667e-01 7.3333333333333328e-01 -2.1777777777777779e-01 -2.1777777777777779e-01 0.0000000000000000e+00
0.0000000000000000e+00 4.6666666666666667e-01 8.0000000000000004e-01 -2.1777777777777779e-01 -2.1777777777777779e-01 0.0000000000000000e+00
0.0000000000000000e+00 4.6666666666666667e-01 8.6666666666666670e-01 -2.1777777777777779e-01 -2.1777777777777779e-01 0.0000000000000000e+00
0.0000000000000000e+00 5.3333333333333333e-01 0.0000000000000000e+00 0.0000000000000000e+00 5.4210108624275222e-20 5.4210108624275222e-20
0.0000000000000000e+00 5.3333333333333333e-01 6.6666666666666666e-02 -2.8444444444444444e-01 -2.8444444444444444e-01 0.0000000000000000e+00
0.0000000000000000e+00 5.3333333333333333e-01 1.3333333333333333e-01 -2.8444444444444444e-01 -2.8444444444444444e-01 0.0000000000000000e+00
0.0000000000000000e+00 5.3333333333333333e-01 2.0000000000000001e-01 -2.8444444444444444e-01 -2.8444444444444444e-01 0.0000000000000000e+00
0.0000000000000000e+00 5.3333333333333333e-01 2.6666666666666666e-01 -2.8444444444444444e-01 -2.8444444444444444e-01 0.0000000000000000e+00
0.0000000000000000e+00 5.3333333333333333e-01 3.3333333333333331e-01 -2.8444444444444444e-01 -2.8444444444444444e-01 0.0000000000000000e+00
0.0000000000000000e+00 5.3333333333333333e-01 4.0000000000000002e-01 -2.8444444444444444e-01 -2.8444444444444444e-01 0.0000000000000000e+00
0.0000000000000000e+00 5.3333333333333333e-01 4.6666666666666667e-01 -2.8444444444444444e-01 -2.8444444444444444e-01 0.0000000000000000e+00
0.0000000000000000e+00 5.3333333333333333e-01 5.3333333333333333e-01 -2.8444444444444444e-01 -2.8444444444444444e-01 0.0000000000000000e+00
0.0000000000000000e+00 5.3333333333333333e-01 5.9999999999999998e-01 -2.8444444444444444e-01 -2.8444444444444444e-01 0.0000000000000000e+00
0.0000000000000000e+00 5.3333333333333333e-01 6.6666666666666663e-01 -2.8444444444444444e-01 -2.8444444444444444e-01 0.0000000000000000e+00
0.0000000000000000e+00 5.3333333333333333e-01 7.3333333333333328e-01 -2.8444444444444444e-01 -2.8444444444444444e-01 0.0000000000000000e+00
0.0000000000000000e+00 5.3333333333333333e-01 8.0000000000000004e-01 -2.8444444444444444e-01 -2.8444444444444444e-01 0.0000000000000000e+00
0.0000000000000000e+00 5.9999999999999998e-01 0.0000000000000000e+00 0.0000000000000000e+00 -2.7105054312137611e-20 2.7105054312137611e-20
0.0000000000000000e+00 5.9999999999999998e-01 6.6666666666666666e-02 -3.5999999999999999e-01 -3.5999999999999999e-01 0.0000000000000000e+00
0.0000000000000000e+00 5.9999999999999998e-01 1.3333333333333333e-01 -3.5999999999999999e-01 -3.5999999999999999e-01 0.0000000000000000e+00
0.0000000000000000e+00 5.9999999999999998e-01 2.0000000000000001e-01 -3.5999999999999999e-01 -3.5999999999999999e-01 0.0000000000000000e+00
0.0000000000000000e+00 5.9999999999999998e-01 2.6666666666666666e-01 -3.5999999999999999e-01 -3.5999999999999999e-01 0.0000000000000000e+00
0.0000000000000000e+00 5.9999999999999998e-01 3.3333333333333331e-01 -3.5999999999999999e-01 -3.5999999999999999e-01 0.0000000000000000e+00
0.0000000000000000e+00 5.9999999999999998e-01 4.0000000000000002e-01 -3.5999999999999999e-01 -3.5999999999999999e-01 0.0000000000000000e+00
0.0000000000000000e+00 5.9999999999999998e-01 4.6666666666666667e-01 -3.5999999999999999e-01 -3.5999999999999999e-01 0.0000000000000000e+00
0.0000000000000000e+00 5.9999999999999998e-01 5.3333333333333333e-01 -3.5999999999999999e-01 -3.5999999999999999e-01 0.0000000000000000e+00
0.0000000000000000e+00 5.9999999999999998e-01 5.9999999999999998e-01 -3.5999999999999999e-01 -3.5999999999999999e-01 0.0000000000000000e+00
0.0000000000000000e+00 5.9999999999999998e-01 6.6666666666666663e-01 -3.5999999999999999e-01 -3.5999999999999999e-01 0.0000000000000000e+00
0.0000000000000000e+00 5.9999999999999998e-01 7.3333333333333328e-01 -3.5999999999999999e-01 -3.5999999999999999e-01 0.0000000000000000e+00
0.0000000000000000e+00 5.9999999999999998e-01 8.0000000000000004e-01 2.7500739799625755e+00 2.7500739799625760e+00 4.4408920985006262e-16
0.0000000000000000e+00 6.6666666666666663e-01 0.0000000000000000e+00 0.0000000000000000e+00 0.0000000000000000e+00 0.0000000000000000e+00
0.0000000000000000e+00 6.6666666666666663e-01 6.6666666666666666e-02 -4.4444444444444442e-01 -4.4444444444444442e-01 0.0000000000000000e+00
0.0000000000000000e+00 6.6666666666666663e-01 1.3333333333333333e-01 -4.4444444444444442e-01 -4.4444444444444442e-01 0.0000000000000000e+00
0.0000000000000000e+00 6.6666666666666663e-01 2.0000000000000001e-01 -4.4444444444444442e-01 -4.4444444444444442e-01 0.0000000000000000e+00
0.0000000000000000e+00 6.6666666666666663e-01 2.6666666666666666e-01 -4.4444444444444442e-01 -4.4444444444444442e-01 0.0000000000000000e+00
0.0000000000000000e+00 6.6666666666666663e-01 3.3333333333333331e-01 -4.4444444444444442e-01 -4.4444444444444442e-01 0.0000000000000000e+00
0.0000000000000000e+00 6.6666666666666663e-01 4.0000000000000002e-01 -4.4444444444444442e-01 -4.4444444444444442e-01 0.0000000000000000e+00
0.0000000000000000e+00 6.6666666666666663e-01 4.6666666666666667e-01 -4.4444444444444442e-01 -4.4444444444444442e-01 0.0000000000000000e+00
0.0000000000000000e+00 6.6666666666666663e-01 5.3333333333333333e-01 -4.4444444444444442e-01 -4.4444444444444442e-01 0.0000000000000000e+00
0.0000000000000000e+00 6.6666666666666663e-01 5.9999999999999998e-01 -4.4444444444444442e-01 -4.4444444444444442e-01 0.0000000000000000e+00
0.0000000000000000e+00 6.6666666666666663e-01 6.6666666666666663e-01 -4.4444444444444442e-01 -4.4444444444444442e-01 0.0000000000000000e+00
0.0000000000000000e+00 6.6666666666666663e-01 7.3333333333333328e-01 -4.4444444444444442e-01 -4.4444444444444442e-01 0.0000000000000000e+00
0.0000000000000000e+00 7.3333333333333328e-01 0.0000000000000000e+00 0.0000000000000000e+00 -2.7105054312137611e-20 2.7105054312137611e-20
0.0000000000000000e+00 7.3333333333333328e-01 6.6666666666666666e-02 -5.3777777777777769e-01 -5.3777777777777769e-01 0.0000000000000000e+00
0.0000000000000000e+00 7.3333333333333328e-01 1.3333333333333333e-01 -5.3777777777777769e-01 -5.3777777777777769e-01 0.0000000000000000e+00
0.0000000000000000e+00 7.3333333333333328e-01 2.0000000000000001e-01 -5.3777777777777769e-01 -5.3777777777777769e-01 0.0000000000000000e+00
0.0000000000000000e+00 7.3333333333333328e-01 2.6666666666666666e-01 -5.3777777777777769e-01 -5.3777777777777769e-01 0.0000000000000000e+00
0.0000000000000000e+00 7.3333333333333328e-01 3.3333333333333331e-01 -5.3777777777777769e-01 -5.3777777777777769e-01 0.0000000000000000e+00
0.0000000000000000e+00 7.3333333333333328e-01 4.0000000000000002e-01 -5.3777777777777769e-01 -5.3777777777777769e-01 0.0000000000000000e+00
0.0000000000000000e+00 7.3333333333333328e-01 4.6666666666666667e-01 -5.3777777777777769e-01 -5.3777777777777769e-01 0.0000000000000000e+00
0.0000000000000000e+00 7.3333333333333328e-01 5.3333333333333333e-01 -5.3777777777777769e-01 -5.3777777777777769e-01 0.0000000000000000e+00
0.0000000000000000e+00 7.3333333333333328e-01 5.9999999999999998e-01 -5.3777777777777769e-01 -5.3777777777777769e-01 0.0000000000000000e+00
0.0000000000000000e+00 7.3333333333333328e-01 6.6666666666666663e-01 -5.3777777777777769e-01 -5.3777777777777769e-01 0.0000000000000000e+00
0.0000000000000000e+00 8.0000000000000004e-01 0.0000000000000000e+00 0.0000000000000000e+00 5.4210108624275222e-20 5.4210108624275222e-20
0.0000000000000000e+00 8.0000000000000004e-01 6.6666666666666666e-02 -6.4000000000000012e-01 -6.4000000000000012e-01 0.0000000000000000e+00
0.0000000000000000e+00 8.0000000000000004e-01 1.3333333333333333e-01 -6.4000000000000012e-01 -6.4000000000000012e-01 0.0000000000000000e+00
0.0000000000000000e+00 8.0000000000000004e-01 2.0000000000000001e-01 -6.4000000000000012e-01 -6.4000000000000012e-01 0.0000000000000000e+00
0.0000000000000000e+00 8.0000000000000004e-01 2.6666666666666666e-01 -6.4000000000000012e-01 -6.4000000000000012e-01 0.0000000000000000e+00
0.0000000000000000e+00 8.0000000000000004e-01 3.3333333333333331e-01 -6.4000000000000012e-01 -6.4000000000000012e-01 0.0000000000000000e+00
0.0000000000000000e+00 8.0000000000000004e-01 4.0000000000000002e-01 -6.4000000000000012e-01 -6.4000000000000012e-01 0.0000000000000000e+00
0.0000000000000000e+00 8.0000000000000004e-01 4.6666666666666667e-01 -6.4000000000000012e-01 -6.4000000000000012e-01 0.0000000000000000e+00
0.0000000000000000e+00 8.0000000000000004e-01 5.3333333333333333e-01 -6.4000000000000012e-01 -6.4000000000000012e-01 0.0000000000000000e+00
0.0000000000000000e+00 8.0000000000000004e-01 5.9999999999999998e-01 3.1118786526951041e+00 3.1118786526951041e+00 0.0000000000000000e+00
0.0000000000000000e+00 8.6666666666666670e-01 0.0000000000000000e+00 0.0000000000000000e+00 0.0000000000000000e+00 0.0000000000000000e+00
0.0000000000000000e+00 8.6666666666666670e-01 6.6666666666666666e-02 -7.5111111111111117e-01 -7.5111111111111117e-01 0.0000000000000000e+00
0.0000000000000000e+00 8.6666666666666670e-01 1.3333333333333333e-01 -7.5111111111111117e-01 -7.5111111111111117e-01 0.0000000000000000e+00
0.0000000000000000e+00 8.6666666666666670e-01 2.0000000000000001e-01 -7.5111111111111117e-01 -7.5111111111111117e-01 0.0000000000000000e+00
0.0000000000000000e+00 8.6666666666666670e-01 2.6666666666666666e-01 -7.5111111111111117e-01 -7.5111111111111117e-01 0.0000000000000000e+00
0.0000000000000000e+00 8.6666666666666670e-01 3.3333333333333331e-01 -7.5111111111111117e-01 -7.5111111111111117e-01 0.0000000000000000e+00
0.0000000000000000e+00 8.6666666666666670e-01 4.0000000000000002e-01 -7.5111111111111117e-01 -7.5111111111111117e-01 0.0000000000000000e+00
0.0000000000000000e+00 8.6666666666666670e-01 4.6666666666666667e-01 -7.5111111111111117e-01 -7.5111111111111117e-01 0.0000000000000000e+00
0.0000000000000000e+00 9.3333333333333335e-01 0.0000000000000000e+00 0.0000000000000000e+00 -5.4210108624275222e-20 5.4210108624275222e-20
0.0000000000000000e+00 9.3333333333333335e-01 6.6666666666666666e-02 -8.7111111111111117e-01 -8.7111111111111117e-01 0.0000000000000000e+00
0.0000000000000000e+00 9.3333333333333335e-01 1.3333333333333333e-01 -8.7111111111111117e-01 -8.7111111111111117e-01 0.0000000000000000e+00
0.0000000000000000e+00 9.3333333333333335e-01 2.0000000000000001e-01 -8.7111111111111117e-01 -8.7111111111111117e-01 0.0000000000000000e+00
0.0000000000000000e+00 9.3333333333333335e-01 2.6666666666666666e-01 -8.7111111111111117e-01 -8.7111111111111117e-01 0.0000000000000000e+00
0.0000000000000000e+00 9.3333333333333335e-01 3.3333333333333331e-01 -8.7111111111111117e-01 -8.7111111111111117e-01 0.0000000000000000e+00
0.0000000000000000e+00 1.0000000000000000e+00 0.0000000000000000e+00 3.0806046117362795e+00 3.0806046117362795e+00 0.0000000000000000e+00
6.6666666666666666e-02 0.0000000000000000e+00 5.3333333333333333e-01 -2.2844444444444445e+00 -2.2844444444444445e+00 0.0000000000000000e+00
6.6666666666666666e-02 0.0000000000000000e+00 5.9999999999999998e-01 -2.3599999999999999e+00 -2.3599999999999999e+00 0.0000000000000000e+00
6.6666666666666666e-02 0.0000000000000000e+00 6.6666666666666663e-01 -2.4444444444444446e+00 -2.4444444444444446e+00 0.0000000000000000e+00
6.6666666666666666e-02 0.0000000000000000e+00 7.3333333333333328e-01 -2.5377777777777775e+00 -2.5377777777777775e+00 0.0000000000000000e+00
6.6666666666666666e-02 0.0000000000000000e+00 8.0000000000000004e-01 -2.6400000000000001e+00 -2.6400000000000001e+00 0.0000000000000000e+00
6.6666666666666666e-02 0.0000000000000000e+00 8.6666666666666670e-01 -2.7511111111111113e+00 -2.7511111111111113e+00 0.0000000000000000e+00
6.6666666666666666e-02 0.0000000000000000e+00 9.3333333333333335e-01 -2.8711111111111114e+00 -2.8711111111111114e+00 0.0000000000000000e+00
1.3333333333333333e-01 0.0000000000000000e+00 5.3333333333333333e-01 -2.2844444444444445e+00 -2.2844444444444445e+00 0.0000000000000000e+00
1.3333333333333333e-01 0.0000000000000000e+00 5.9999999999999998e-01 -2.3599999999999999e+00 -2.3599999999999999e+00 0.0000000000000000e+00
1.3333333333333333e-01 0.0000000000000000e+00 6.6666666666666663e-01 -2.4444444444444446e+00 -2.4444444444444446e+00 0.0000000000000000e+00
1.3333333333333333e-01 0.0000000000000000e+00 7.3333333333333328e-01 -2.5377777777777775e+00 -2.5377777777777775e+00 0.0000000000000000e+00
1.3333333333333333e-01 0.0000000000000000e+00 8.0000000000000004e-01 -2.6400000000000001e+00 -2.6400000000000001e+00 0.0000000000000000e+00
1.3333333333333333e-01 0.0000000000000000e+00 8.6666666666666670e-01 -2.7511111111111113e+00 -2.7511111111111113e+00 0.0000000000000000e+00
1.3333333333333333e-01 0.0000000000000000e+00 9.3333333333333335e-01 -2.8711111111111114e+00 -2.8711111111111114e+00 0.0000000000000000e+00
2.0000000000000001e-01 0.0000000000000000e+00 4.6666666666666667e-01 -2.2177777777777776e+00 -2.2177777777777776e+00 0.0000000000000000e+00
2.0000000000000001e-01 0.0000000000000000e+00 5.3333333333333333e-01 -2.2844444444444445e+00 -2.2844444444444445e+00 0.0000000000000000e+00
2.0000000000000001e-01 0.0000000000000000e+00 5.9999999999999998e-01 -2.3599999999999999e+00 -2.3599999999999999e+00 0.0000000000000000e+00
2.0000000000000001e-01 0.0000000000000000e+00 6.6666666666666663e-01 -2.4444444444444446e+00 -2.4444444444444446e+00 0.0000000000000000e+00
2.0000000000000001e-01 0.0000000000000000e+00 7.3333333333333328e-01 -2.5377777777777775e+00 -2.5377777777777775e+00 0.0000000000000000e+00
2.0000000000000001e-01 0.0000000000000000e+00 8.0000000000000004e-01 -2.6400000000000001e+00 -2.6400000000000001e+00 0.0000000000000000e+00
2.0000000000000001e-01 0.0000000000000000e+00 8.6666666666666670e-01 -2.7511111111111113e+00 -2.7511111111111113e+00 0.0000000000000000e+00
2.0000000000000001e-01 0.0000000000000000e+00 9.3333333333333335e-01 -2.8711111111111114e+00 -2.8711111111111114e+00 0.0000000000000000e+00
2.6666666666666666e-01 0.0000000000000000e+00 4.6666666666666667e-01 -2.2177777777777776e+00 -2.2177777777777776e+00 0.0000000000000000e+00
2.6666666666666666e-01 0.0000000000000000e+00 5.3333333333333333e-01 -2.2844444444444445e+00 -2.2844444444444445e+00 0.0000000000000000e+00
2.6666666666666666e-01 0.0000000000000000e+00 5.9999999999999998e-01 -2.3599999999999999e+00 -2.3599999999999999e+00 0.0000000000000000e+00
2.6666666666666666e-01 0.0000000000000000e+00 6.6666666666666663e-01 -2.4444444444444446e+00 -2.4444444444444446e+00 0.0000000000000000e+00
2.6666666666666666e-01 0.0000000000000000e+00 7.3333333333333328e-01 -2.5377777777777775e+00 -2.5377777777777775e+00 0.0000000000000000e+00
2.6666666666666666e-01 0.0000000000000000e+00 8.0000000000000004e-01 -2.6400000000000001e+00 -2.6400000000000001e+00 0.0000000000000000e+00
2.6666666666666666e-01 0.0000000000000000e+00 8.6666666666666670e-01 -2.7511111111111113e+00 -2.7511111111111113e+00 0.0000000000000000e+00
2.6666666666666666e-01 0.0000000000000000e+00 9.3333333333333335e-01 -2.8711111111111114e+00 -2.8711111111111114e+00 0.0000000000000000e+00
3.3333333333333331e-01 0.0000000000000000e+00 4.0000000000000002e-01 -2.1600000000000001e+00 -2.1600000000000001e+00 0.0000000000000000e+00
3.3333333333333331e-01 0.0000000000000000e+00 4.6666666666666667e-01 -2.2177777777777776e+00 -2.2177777777777776e+00 0.0000000000000000e+00
3.3333333333333331e-01 0.0000000000000000e+00 5.3333333333333333e-01 -2.2844444444444445e+00 -2.2844444444444445e+00 0.0000000000000000e+00
3.3333333333333331e-01 0.0000000000000000e+00 5.9999999999999998e-01 -2.3599999999999999e+00 -2.3599999999999999e+00 0.0000000000000000e+00
3.3333333333333331e-01 0.0000000000000000e+00 6.6666666666666663e-01 -2.4444444444444446e+00 -2.4444444444444446e+00 0.0000000000000000e+00
3.3333333333333331e-01 0.0000000000000000e+00 7.3333333333333328e-01 -2.5377777777777775e+00 -2.5377777777777775e+00 0.0000000000000000e+00
3.3333333333333331e-01 0.0000000000000000e+00 8.0000000000000004e-01 -2.6400000000000001e+00 -2.6400000000000001e+00 0.0000000000000000e+00
3.3333333333333331e-01 0.0000000000000000e+00 8.6666666666666670e-01 -2.7511111111111113e+00 -2.7511111111111113e+00 0.0000000000000000e+00
3.3333333333333331e-01 0.0000000000000000e+00 9.3333333333333335e-01 -2.8711111111111114e+00 -2.8711111111111114e+00 0.0000000000000000e+00
4.0000000000000002e-01 0.0000000000000000e+00 3.3333333333333331e-01 -2.1111111111111112e+00 -2.1111111111111112e+00 0.0000000000000000e+00
4.0000000000000002e-01 0.0000000000000000e+00 4.0000000000000002e-01 -2.1600000000000001e+00 -2.1600000000000001e+00 0.0000000000000000e+00
4.0000000000000002e-01 0.0000000000000000e+00 4.6666666666666667e-01 -2.2177777777777776e+00 -2.2177777777777776e+00 0.0000000000000000e+00
4.0000000000000002e-01 0.0000000000000000e+00 5.3333333333333333e-01 -2.2844444444444445e+00 -2.2844444444444445e+00 0.0000000000000000e+00
4.0000000000000002e-01 0.0000000000000000e+00 5.9999999999999998e-01 -2.3599999999999999e+00 -2.3599999999999999e+00 0.0000000000000000e+00
4.0000000000000002e-01 0.0000000000000000e+00 6.6666666666666663e-01 -2.4444444444444446e+00 -2.4444444444444446e+00 0.0000000000000000e+00
4.0000000000000002e-01 0.0000000000000000e+00 7.3333333333333328e-01 -2.5377777777777775e+00 -2.5377777777777775e+00 0.0000000000000000e+00
4.0000000000000002e-01 0.0000000000000000e+00 8.0000000000000004e-01 -2.6400000000000001e+00 -2.6400000000000001e+00 0.0000000000000000e+00
4.0000000000000002e-01 0.0000000000000000e+00 8.6666666666666670e-01 -2.7511111111111113e+00 -2.7511111111111113e+00 0.0000000000000000e+00
4.6666666666666667e-01 0.0000000000000000e+00 2.0000000000000001e-01 -2.0400000000000000e+00 -2.0400000000000000e+00 0.0000000000000000e+00
4.6666666666666667e-01 0.0000000000000000e+00 2.6666666666666666e-01 -2.0711111111111111e+00 -2.0711111111111111e+00 0.0000000000000000e+00
4.6666666666666667e-01 0.0000000000000000e+00 3.3333333333333331e-01 -2.1111111111111112e+00 -2.1111111111111112e+00 0.0000000000000000e+00
4.6666666666666667e-01 0.0000000000000000e+00 4.0000000000000002e-01 -2.1600000000000001e+00 -2.1600000000000001e+00 0.0000000000000000e+00
4.6666666666666667e-01 0.0000000000000000e+00 4.6666666666666667e-01 -2.2177777777777776e+00 -2.2177777777777776e+00 0.0000000000000000e+00
4.6666666666666667e-01 0.0000000000000000e+00 5.3333333333333333e-01 -2.2844444444444445e+00 -2.2844444444444445e+00 0.0000000000000000e+00
4.6666666666666667e-01 0.0000000000000000e+00 5.9999999999999998e-01 -2.3599999999999999e+00 -2.3599999999999999e+00 0.0000000000000000e+00
4.6666666666666667e-01 0.0000000000000000e+00 6.6666666666666663e-01 -2.4444444444444446e+00 -2.4444444444444446e+00 0.0000000000000000e+00
4.6666666666666667e-01 0.0000000000000000e+00 7.3333333333333328e-01 -2.5377777777777775e+00 -2.5377777777777775e+00 0.0000000000000000e+00
4.6666666666666667e-01 0.0000000000000000e+00 8.0000000000000004e-01 -2.6400000000000001e+00 -2.6400000000000001e+00 0.0000000000000000e+00
4.6666666666666667e-01 0.0000000000000000e+00 8.6666666666666670e-01 -2.7511111111111113e+00 -2.7511111111111113e+00 0.0000000000000000e+00
5.3333333333333333e-01 0.0000000000000000e+00 0.0000000000000000e+00 0.0000000000000000e+00 0.0000000000000000e+00 0.0000000000000000e+00
5.3333333333333333e-01 0.0000000000000000e+00 6.6666666666666666e-02 -2.0044444444444443e+00 -2.0044444444444443e+00 0.0000000000000000e+00
5.3333333333333333e-01 0.0000000000000000e+00 1.3333333333333333e-01 -2.0177777777777779e+00 -2.0177777777777779e+00 0.0000000000000000e+00
5.3333333333333333e-01 0.0000000000000000e+00 2.0000000000000001e-01 -2.0400000000000000e+00 -2.0400000000000000e+00 0.0000000000000000e+00
5.3333333333333333e-01 0.0000000000000000e+00 2.6666666666666666e-01 -2.0711111111111111e+00 -2.0711111111111111e+00 0.0000000000000000e+00
5.3333333333333333e-01 0.0000000000000000e+00 3.3333333333333331e-01 -2.1111111111111112e+00 -2.1111111111111112e+00 0.0000000000000000e+00
5.3333333333333333e-01 0.0000000000000000e+00 4.0000000000000002e-01 -2.1600000000000001e+00 -2.1600000000000001e+00 0.0000000000000000e+00
5.3333333333333333e-01 0.0000000000000000e+00 4.6666666666666667e-01 -2.2177777777777776e+00 -2.2177777777777776e+00 0.0000000000000000e+00
5.3333333333333333e-01 0.0000000000000000e+00 5.3333333333333333e-01 -2.2844444444444445e+00 -2.2844444444444445e+00 0.0000000000000000e+00
5.3333333333333333e-01 0.0000000000000000e+00 5.9999999999999998e-01 -2.3599999999999999e+00 -2.3599999999999999e+00 0.0000000000000000e+00
5.3333333333333333e-01 0.0000000000000000e+00 6.6666666666666663e-01 -2.4444444444444446e+00 -2.4444444444444446e+00 0.0000000000000000e+00
5.3333333333333333e-01 0.0000000000000000e+00 7.3333333333333328e-01 -2.5377777777777775e+00 -2.5377777777777775e+00 0.0000000000000000e+00
5.3333333333333333e-01 0.0000000000000000e+00 8.0000000000000004e-01 -2.6400000000000001e+00 -2.6400000000000001e+00 0.0000000000000000e+00
5.9999999999999998e-01 0.0000000000000000e+00 0.0000000000000000e+00 0.0000000000000000e+00 0.0000000000000000e+00 0.0000000000000000e+00
5.9999999999999998e-01 0.0000000000000000e+00 6.6666666666666666e-02 -2.0044444444444443e+00 -2.0044444444444443e+00 0.0000000000000000e+00
5.9999999999999998e-01 0.0000000000000000e+00 1.3333333333333333e-01 -2.0177777777777779e+00 -2.0177777777777779e+00 0.0000000000000000e+00
5.9999999999999998e-01 0.0000000000000000e+00 2.0000000000000001e-01 -2.0400000000000000e+00 -2.0400000000000000e+00 0.0000000000000000e+00
5.9999999999999998e-01 0.0000000000000000e+00 2.6666666666666666e-01 -2.0711111111111111e+00 -2.0711111111111111e+00 0.0000000000000000e+00
5.9999999999999998e-01 0.0000000000000000e+00 3.3333333333333331e-01 -2.1111111111111112e+00 -2.1111111111111112e+00 0.0000000000000000e+00
5.9999999999999998e-01 0.0000000000000000e+00 4.0000000000000002e-01 -2.1600000000000001e+00 -2.1600000000000001e+00 0.0000000000000000e+00
5.9999999999999998e-01 0.0000000000000000e+00 4.6666666666666667e-01 -2.2177777777777776e+00 -2.2177777777777776e+00 0.0000000000000000e+00
5.9999999999999998e-01 0.0000000000000000e+00 5.3333333333333333e-01 -2.2844444444444445e+00 -2.2844444444444445e+00 0.0000000000000000e+00
5.9999999999999998e-01 0.0000000000000000e+00 5.9999999999999998e-01 -2.3599999999999999e+00 -2.3599999999999999e+00 0.0000000000000000e+00
5.9999999999999998e-01 0.0000000000000000e+00 6.6666666666666663e-01 -2.4444444444444446e+00 -2.4444444444444446e+00 0.0000000000000000e+00
5.9999999999999998e-01 0.0000000000000000e+00 7.3333333333333328e-01 -2.5377777777777775e+00 -2.5377777777777775e+00 0.0000000000000000e+00
5.9999999999999998e-01 0.0000000000000000e+00 8.0000000000000004e-01 0.0000000000000000e+00 -1.0842021724855044e-19 1.0842021724855044e-19
6.6666666666666663e-01 0.0000000000000000e+00 0.0000000000000000e+00 0.0000000000000000e+00 -5.4210108624275222e-20 5.4210108624275222e-20
6.6666666666666663e-01 0.0000000000000000e+00 6.6666666666666666e-02 -2.0044444444444443e+00 -2.0044444444444443e+00 0.0000000000000000e+00
6.6666666666666663e-01 0.0000000000000000e+00 1.3333333333333333e-01 -2.0177777777777779e+00 -2.0177777777777779e+00 0.0000000000000000e+00
6.6666666666666663e-01 0.0000000000000000e+00 2.0000000000000001e-01 -2.0400000000000000e+00 -2.0400000000000000e+00 0.0000000000000000e+00
6.6666666666666663e-01 0.0000000000000000e+00 2.6666666666666666e-01 -2.0711111111111111e+00 -2.0711111111111111e+00 0.0000000000000000e+00
6.6666666666666663e-01 0.0000000000000000e+00 3.3333333333333331e-01 -2.1111111111111112e+00 -2.1111111111111112e+00 0.0000000000000000e+00
6.6666666666666663e-01 0.0000000000000000e+00 4.0000000000000002e-01 -2.1600000000000001e+00 -2.1600000000000001e+00 0.0000000000000000e+00
6.6666666666666663e-01 0.0000000000000000e+00 4.6666666666666667e-01 -2.2177777777777776e+00 -2.2177777777777776e+00 0.0000000000000000e+00
6.6666666666666663e-01 0.0000000000000000e+00 5.3333333333333333e-01 -2.2844444444444445e+00 -2.2844444444444445e+00 0.0000000000000000e+00
6.6666666666666663e-01 0.0000000000000000e+00 5.9999999999999998e-01 -2.3599999999999999e+00 -2.3599999999999999e+00 0.0000000000000000e+00
6.6666666666666663e-01 0.0000000000000000e+00 6.6666666666666663e-01 -2.4444444444444446e+00 -2.4444444444444446e+00 0.0000000000000000e+00
6.6666666666666663e-01 0.0000000000000000e+00 7.3333333333333328e-01 -2.5377777777777775e+00 -2.5377777777777775e+00 0.0000000000000000e+00
7.3333333333333328e-01 0.0000000000000000e+00 0.0000000000000000e+00 0.0000000000000000e+00 0.0000000000000000e+00 0.0000000000000000e+00
7.3333333333333328e-01 0.0000000000000000e+00 6.6666666666666666e-02 -2.0044444444444443e+00 -2.0044444444444443e+00 0.0000000000000000e+00
7.3333333333333328e-01 0.0000000000000000e+00 1.3333333333333333e-01 -2.0177777777777779e+00 -2.0177777777777779e+00 0.0000000000000000e+00
7.3333333333333328e-01 0.0000000000000000e+00 2.0000000000000001e-01 -2.0400000000000000e+00 -2.0400000000000000e+00 0.0000000000000000e+00
7.3333333333333328e-01 0.0000000000000000e+00 2.6666666666666666e-01 -2.0711111111111111e+00 -2.0711111111111111e+00 0.0000000000000000e+00
7.3333333333333328e-01 0.0000000000000000e+00 3.3333333333333331e-01 -2.1111111111111112e+00 -2.1111111111111112e+00 0.0000000000000000e+00
7.3333333333333328e-01 0.0000000000000000e+00 4.0000000000000002e-01 -2.1600000000000001e+00 -2.1600000000000001e+00 0.0000000000000000e+00
7.3333333333333328e-01 0.0000000000000000e+00 4.6666666666666667e-01 -2.2177777777777776e+00 -2.2177777777777776e+00 0.0000000000000000e+00
7.3333333333333328e-01 0.0000000000000000e+00 5.3333333333333333e-01 -2.2844444444444445e+00 -2.2844444444444445e+00 0.0000000000000000e+00
7.3333333333333328e-01 0.0000000000000000e+00 5.9999999999999998e-01 -2.3599999999999999e+00 -2.3599999999999999e+00 0.0000000000000000e+00
7.3333333333333328e-01 0.0000000000000000e+00 6.6666666666666663e-01 -2.4444444444444446e+00 -2.4444444444444446e+00 0.0000000000000000e+00
8.0000000000000004e-01 0.0000000000000000e+00 0.0000000000000000e+00 0.0000000000000000e+00 -1.3552527156068805e-20 1.3552527156068805e-20
8.0000000000000004e-01 0.0000000000000000e+00 6.6666666666666666e-02 -2.0044444444444443e+00 -2.0044444444444443e+00 0.0000000000000000e+00
8.0000000000000004e-01 0.0000000000000000e+00 1.3333333333333333e-01 -2.0177777777777779e+00 -2.0177777777777779e+00 0.0000000000000000e+00
8.0000000000000004e-01 0.0000000000000000e+00 2.0000000000000001e-01 -2.0400000000000000e+00 -2.0400000000000000e+00 0.0000000000000000e+00
8.0000000000000004e-01 0.0000000000000000e+00 2.6666666666666666e-01 -2.0711111111111111e+00 -2.0711111111111111e+00 0.0000000000000000e+00
8.0000000000000004e-01 0.0000000000000000e+00 3.3333333333333331e-01 -2.1111111111111112e+00 -2.1111111111111112e+00 0.0000000000000000e+00
8.0000000000000004e-01 0.0000000000000000e+00 4.0000000000000002e-01 -2.1600000000000001e+00 -2.1600000000000001e+00 0.0000000000000000e+00
8.0000000000000004e-01 0.0000000000000000e+00 4.6666666666666667e-01 -2.2177777777777776e+00 -2.2177777777777776e+00 0.0000000000000000e+00
8.0000000000000004e-01 0.0000000000000000e+00 5.3333333333333333e-01 -2.2844444444444445e+00 -2.2844444444444445e+00 0.0000000000000000e+00
8.0000000000000004e-01 0.0000000000000000e+00 5.9999999999999998e-01 0.0000000000000000e+00 2.1684043449710089e-19 2.1684043449710089e-19
8.6666666666666670e-01 0.0000000000000000e+00 0.0000000000000000e+00 0.0000000000000000e+00 -6.7762635780344027e-21 6.7762635780344027e-21
8.6666666666666670e-01 0.0000000000000000e+00 6.6666666666666666e-02 -2.0044444444444443e+00 -2.0044444444444443e+00 0.0000000000000000e+00
8.6666666666666670e-01 0.0000000000000000e+00 1.3333333333333333e-01 -2.0177777777777779e+00 -2.0177777777777779e+00 0.0000000000000000e+00
8.6666666666666670e-01 0.0000000000000000e+00 2.0000000000000001e-01 -2.0400000000000000e+00 -2.0400000000000000e+00 0.0000000000000000e+00
8.6666666666666670e-01 0.0000000000000000e+00 2.6666666666666666e-01 -2.0711111111111111e+00 -2.0711111111111111e+00 0.0000000000000000e+00
8.6666666666666670e-01 0.0000000000000000e+00 3.3333333333333331e-01 -2.1111111111111112e+00 -2.1111111111111112e+00 0.0000000000000000e+00
8.6666666666666670e-01 0.0000000000000000e+00 4.0000000000000002e-01 -2.1600000000000001e+00 -2.1600000000000001e+00 0.0000000000000000e+00
8.6666666666666670e-01 0.0000000000000000e+00 4.6666666666666667e-01 -2.2177777777777776e+00 -2.2177777777777776e+00 0.0000000000000000e+00
9.3333333333333335e-01 0.0000000000000000e+00 0.0000000000000000e+00 0.0000000000000000e+00 -2.7105054312137611e-20 2.7105054312137611e-20
9.3333333333333335e-01 0.0000000000000000e+00 6.6666666666666666e-02 -2.0044444444444443e+00 -2.0044444444444443e+00 0.0000000000000000e+00
9.3333333333333335e-01 0.0000000000000000e+00 1.3333333333333333e-01 -2.0177777777777779e+00 -2.0177777777777779e+00 0.0000000000000000e+00
9.3333333333333335e-01 0.0000000000000000e+00 2.0000000000000001e-01 -2.0400000000000000e+00 -2.0400000000000000e+00 0.0000000000000000e+00
9.3333333333333335e-01 0.0000000000000000e+00 2.6666666666666666e-01 -2.0711111111111111e+00 -2.0711111111111111e+00 0.0000000000000000e+00
9.3333333333333335e-01 0.0000000000000000e+00 3.3333333333333331e-01 -2.1111111111111112e+00 -2.1111111111111112e+00 0.0000000000000000e+00
1.0000000000000000e+00 0.0000000000000000e+00 0.0000000000000000e+00 0.0000000000000000e+00 0.0000000000000000e+00 0.0000000000000000e+00
6.6666666666666666e-02 5.3333333333333333e-01 0.0000000000000000e+00 0.0000000000000000e+00 -1.3552527156068805e-20 1.3552527156068805e-20
6.6666666666666666e-02 5.9999999999999998e-01 0.0000000000000000e+00 0.0000000000000000e+00 2.7105054312137611e-20 2.7105054312137611e-20
6.6666666666666666e-02 6.6666666666666663e-01 0.0000000000000000e+00 0.0000000000000000e+00 0.0000000000000000e+00 0.0000000000000000e+00
6.6666666666666666e-02 7.3333333333333328e-01 0.0000000000000000e+00 0.0000000000000000e+00 -3.3881317890172014e-21 3.3881317890172014e-21
6.6666666666666666e-02 8.0000000000000004e-01 0.0000000000000000e+00 0.0000000000000000e+00 5.4210108624275222e-20 5.4210108624275222e-20
6.6666666666666666e-02 8.6666666666666670e-01 0.0000000000000000e+00 0.0000000000000000e+00 -2.7105054312137611e-20 2.7105054312137611e-20
6.6666666666666666e-02 9.3333333333333335e-01 0.0000000000000000e+00 0.0000000000000000e+00 2.7105054312137611e-20 2.7105054312137611e-20
1.3333333333333333e-01 5.3333333333333333e-01 0.0000000000000000e+00 0.0000000000000000e+00 0.0000000000000000e+00 0.0000000000000000e+00
1.3333333333333333e-01 5.9999999999999998e-01 0.0000000000000000e+00 0.0000000000000000e+00 5.4210108624275222e-20 5.4210108624275222e-20
1.3333333333333333e-01 6.6666666666666663e-01 0.0000000000000000e+00 0.0000000000000000e+00 0.0000000000000000e+00 0.0000000000000000e+00
1.3333333333333333e-01 7.3333333333333328e-01 0.0000000000000000e+00 0.0000000000000000e+00 6.7762635780344027e-21 6.7762635780344027e-21
1.3333333333333333e-01 8.0000000000000004e-01 0.0000000000000000e+00 0.0000000000000000e+00 5.4210108624275222e-20 5.4210108624275222e-20
1.3333333333333333e-01 8.6666666666666670e-01 0.0000000000000000e+00 0.0000000000000000e+00 0.0000000000000000e+00 0.0000000000000000e+00
1.3333333333333333e-01 9.3333333333333335e-01 0.0000000000000000e+00 0.0000000000000000e+00 -2.7105054312137611e-20 2.7105054312137611e-20
2.0000000000000001e-01 4.6666666666666667e-01 0.0000000000000000e+00 0.0000000000000000e+00 2.7105054312137611e-20 2.7105054312137611e-20
2.0000000000000001e-01 5.3333333333333333e-01 0.0000000000000000e+00 0.0000000000000000e+00 0.0000000000000000e+00 0.0000000000000000e+00
2.0000000000000001e-01 5.9999999999999998e-01 0.0000000000000000e+00 0.0000000000000000e+00 0.0000000000000000e+00 0.0000000000000000e+00
2.0000000000000001e-01 6.6666666666666663e-01 0.0000000000000000e+00 0.0000000000000000e+00 0.0000000000000000e+00 0.0000000000000000e+00
2.0000000000000001e-01 7.3333333333333328e-01 0.0000000000000000e+00 0.0000000000000000e+00 0.0000000000000000e+00 0.0000000000000000e+00
2.0000000000000001e-01 8.0000000000000004e-01 0.0000000000000000e+00 0.0000000000000000e+00 0.0000000000000000e+00 0.0000000000000000e+00
2.0000000000000001e-01 8.6666666666666670e-01 0.0000000000000000e+00 0.0000000000000000e+00 0.0000000000000000e+00 0.0000000000000000e+00
2.0000000000000001e-01 9.3333333333333335e-01 0.0000000000000000e+00 0.0000000000000000e+00 -1.3552527156068805e-20 1.3552527156068805e-20
2.6666666666666666e-01 4.6666666666666667e-01 0.0000000000000000e+00 0.0000000000000000e+00 6.7762635780344027e-21 6.7762635780344027e-21
2.6666666666666666e-01 5.3333333333333333e-01 0.0000000000000000e+00 0.0000000000000000e+00 0.0000000000000000e+00 0.0000000000000000e+00
2.6666666666666666e-01 5.9999999999999998e-01 0.0000000000000000e+00 0.0000000000000000e+00 -5.4210108624275222e-20 5.4210108624275222e-20
2.6666666666666666e-01 6.6666666666666663e-01 0.0000000000000000e+00 0.0000000000000000e+00 0.0000000000000000e+00 0.0000000000000000e+00
2.6666666666666666e-01 7.3333333333333328e-01 0.0000000000000000e+00 0.0000000000000000e+00 1.3552527156068805e-20 1.3552527156068805e-20
2.6666666666666666e-01 8.0000000000000004e-01 0.0000000000000000e+00 0.0000000000000000e+00 0.0000000000000000e+00 0.0000000000000000e+00
2.6666666666666666e-01 8.6666666666666670e-01 0.0000000000000000e+00 0.0000000000000000e+00 -2.7105054312137611e-20 2.7105054312137611e-20
2.6666666666666666e-01 9.3333333333333335e-01 0.0000000000000000e+00 0.0000000000000000e+00 0.0000000000000000e+00 0.0000000000000000e+00
3.3333333333333331e-01 4.0000000000000002e-01 0.0000000000000000e+00 0.0000000000000000e+00 0.0000000000000000e+00 0.0000000000000000e+00
3.3333333333333331e-01 4.6666666666666667e-01 0.0000000000000000e+00 0.0000000000000000e+00 0.0000000000000000e+00 0.0000000000000000e+00
3.3333333333333331e-01 5.3333333333333333e-01 0.0000000000000000e+00 0.0000000000000000e+00 5.4210108624275222e-20 5.4210108624275222e-20
3.3333333333333331e-01 5.9999999999999998e-01 0.0000000000000000e+00 0.0000000000000000e+00 -1.0842021724855044e-19 1.0842021724855044e-19
3.3333333333333331e-01 6.6666666666666663e-01 0.0000000000000000e+00 0.0000000000000000e+00 -2.7105054312137611e-20 2.7105054312137611e-20
3.3333333333333331e-01 7.3333333333333328e-01 0.0000000000000000e+00 0.0000000000000000e+00 -1.3552527156068805e-20 1.3552527156068805e-20
3.3333333333333331e-01 8.0000000000000004e-01 0.0000000000000000e+00 0.0000000000000000e+00 2.7105054312137611e-20 2.7105054312137611e-20
3.3333333333333331e-01 8.6666666666666670e-01 0.0000000000000000e+00 0.0000000000000000e+00 0.0000000000000000e+00 0.0000000000000000e+00
3.3333333333333331e-01 9.3333333333333335e-01 0.0000000000000000e+00 0.0000000000000000e+00 -2.7105054312137611e-20 2.7105054312137611e-20
4.0000000000000002e-01 3.3333333333333331e-01 0.0000000000000000e+00 0.0000000000000000e+00 5.4210108624275222e-20 5.4210108624275222e-20
4.0000000000000002e-01 4.0000000000000002e-01 0.0000000000000000e+00 0.0000000000000000e+00 2.7105054312137611e-20 2.7105054312137611e-20
4.0000000000000002e-01 4.6666666666666667e-01 0.0000000000000000e+00 0.0000000000000000e+00 -1.3552527156068805e-20 1.3552527156068805e-20
4.0000000000000002e-01 5.3333333333333333e-01 0.0000000000000000e+00 0.0000000000000000e+00 5.4210108624275222e-20 5.4210108624275222e-20
4.0000000000000002e-01 5.9999999999999998e-01 0.0000000000000000e+00 0.0000000000000000e+00 0.0000000000000000e+00 0.0000000000000000e+00
4.0000000000000002e-01 6.6666666666666663e-01 0.0000000000000000e+00 0.0000000000000000e+00 0.0000000000000000e+00 0.0000000000000000e+00
4.0000000000000002e-01 7.3333333333333328e-01 0.0000000000000000e+00 0.0000000000000000e+00 0.0000000000000000e+00 0.0000000000000000e+00
4.0000000000000002e-01 8.0000000000000004e-01 0.0000000000000000e+00 0.0000000000000000e+00 0.0000000000000000e+00 0.0000000000000000e+00
4.0000000000000002e-01 8.6666666666666670e-01 0.0000000000000000e+00 0.0000000000000000e+00 -6.7762635780344027e-21 6.7762635780344027e-21
4.6666666666666667e-01 2.0000000000000001e-01 0.0000000000000000e+00 0.0000000000000000e+00 0.0000000000000000e+00 0.0000000000000000e+00
4.6666666666666667e-01 2.6666666666666666e-01 0.0000000000000000e+00 0.0000000000000000e+00 5.4210108624275222e-20 5.4210108624275222e-20
4.6666666666666667e-01 3.3333333333333331e-01 0.0000000000000000e+00 0.0000000000000000e+00 0.0000000000000000e+00 0.0000000000000000e+00
4.6666666666666667e-01 4.0000000000000002e-01 0.0000000000000000e+00 0.0000000000000000e+00 1.3552527156068805e-20 1.3552527156068805e-20
4.6666666666666667e-01 4.6666666666666667e-01 0.0000000000000000e+00 0.0000000000000000e+00 1.3552527156068805e-20 1.3552527156068805e-20
4.6666666666666667e-01 5.3333333333333333e-01 0.0000000000000000e+00 0.0000000000000000e+00 2.7105054312137611e-20 2.7105054312137611e-20
4.6666666666666667e-01 5.9999999999999998e-01 0.0000000000000000e+00 0.0000000000000000e+00 5.4210108624275222e-20 5.4210108624275222e-20
4.6666666666666667e-01 6.6666666666666663e-01 0.0000000000000000e+00 0.0000000000000000e+00 -2.7105054312137611e-20 2.7105054312137611e-20
4.6666666666666667e-01 7.3333333333333328e-01 0.0000000000000000e+00 0.0000000000000000e+00 1.3552527156068805e-20 1.3552527156068805e-20
4.6666666666666667e-01 8.0000000000000004e-01 0.0000000000000000e+00 0.0000000000000000e+00 3.3881317890172014e-21 3.3881317890172014e-21
4.6666666666666667e-01 8.6666666666666670e-01 0.0000000000000000e+00 0.0000000000000000e+00 -6.7762635780344027e-21 6.7762635780344027e-21
5.3333333333333333e-01 6.6666666666666666e-02 0.0000000000000000e+00 0.0000000000000000e+00 -2.7105054312137611e-20 2.7105054312137611e-20
5.3333333333333333e-01 1.3333333333333333e-01 0.0000000000000000e+00 0.0000000000000000e+00 0.0000000000000000e+00 0.0000000000000000e+00
5.3333333333333333e-01 2.0000000000000001e-01 0.0000000000000000e+00 0.0000000000000000e+00 0.0000000000000000e+00 0.0000000000000000e+00
5.3333333333333333e-01 2.6666666666666666e-01 0.0000000000000000e+00 0.0000000000000000e+00 0.0000000000000000e+00 0.0000000000000000e+00
5.3333333333333333e-01 3.3333333333333331e-01 0.0000000000000000e+00 0.0000000000000000e+00 -2.7105054312137611e-20 2.7105054312137611e-20
5.3333333333333333e-01 4.0000000000000002e-01 0.0000000000000000e+00 0.0000000000000000e+00 -6.7762635780344027e-21 6.7762635780344027e-21
5.3333333333333333e-01 4.6666666666666667e-01 0.0000000000000000e+00 0.0000000000000000e+00 0.0000000000000000e+00 0.0000000000000000e+00
5.3333333333333333e-01 5.3333333333333333e-01 0.0000000000000000e+00 0.0000000000000000e+00 5.4210108624275222e-20 5.4210108624275222e-20
5.3333333333333333e-01 5.9999999999999998e-01 0.0000000000000000e+00 0.0000000000000000e+00 -5.4210108624275222e-20 5.4210108624275222e-20
5.3333333333333333e-01 6.6666666666666663e-01 0.0000000000000000e+00 0.0000000000000000e+00 0.0000000000000000e+00 0.0000000000000000e+00
5.3333333333333333e-01 7.3333333333333328e-01 0.0000000000000000e+00 0.0000000000000000e+00 0.0000000000000000e+00 0.0000000000000000e+00
5.3333333333333333e-01 8.0000000000000004e-01 0.0000000000000000e+00 0.0000000000000000e+00 0.0000000000000000e+00 0.0000000000000000e+00
5.9999999999999998e-01 6.6666666666666666e-02 0.0000000000000000e+00 0.0000000000000000e+00 1.3552527156068805e-20 1.3552527156068805e-20
5.9999999999999998e-01 1.3333333333333333e-01 0.0000000000000000e+00 0.0000000000000000e+00 1.6940658945086007e-21 1.6940658945086007e-21
5.9999999999999998e-01 2.0000000000000001e-01 0.0000000000000000e+00 0.0000000000000000e+00 0.0000000000000000e+00 0.0000000000000000e+00
5.9999999999999998e-01 2.6666666666666666e-01 0.0000000000000000e+00 0.0000000000000000e+00 -1.3552527156068805e-20 1.3552527156068805e-20
5.9999999999999998e-01 3.3333333333333331e-01 0.0000000000000000e+00 0.0000000000000000e+00 2.7105054312137611e-20 2.7105054312137611e-20
5.9999999999999998e-01 4.0000000000000002e-01 0.0000000000000000e+00 0.0000000000000000e+00 0.0000000000000000e+00 0.0000000000000000e+00
5.9999999999999998e-01 4.6666666666666667e-01 0.0000000000000000e+00 0.0000000000000000e+00 3.3881317890172014e-21 3.3881317890172014e-21
5.9999999999999998e-01 5.3333333333333333e-01 0.0000000000000000e+00 0.0000000000000000e+00 0.0000000000000000e+00 0.0000000000000000e+00
5.9999999999999998e-01 5.9999999999999998e-01 0.0000000000000000e+00 0.0000000000000000e+00 0.0000000000000000e+00 0.0000000000000000e+00
5.9999999999999998e-01 6.6666666666666663e-01 0.0000000000000000e+00 0.0000000000000000e+00 5.4210108624275222e-20 5.4210108624275222e-20
5.9999999999999998e-01 7.3333333333333328e-01 0.0000000000000000e+00 0.0000000000000000e+00 -1.3552527156068805e-20 1.3552527156068805e-20
5.9999999999999998e-01 8.0000000000000004e-01 0.0000000000000000e+00 4.1467364188052720e+00 4.1467364188052720e+00 0.0000000000000000e+00
6.6666666666666663e-01 6.6666666666666666e-02 0.0000000000000000e+00 0.0000000000000000e+00 2.7105054312137611e-20 2.7105054312137611e-20
6.6666666666666663e-01 1.3333333333333333e-01 0.0000000000000000e+00 0.0000000000000000e+00 0.0000000000000000e+00 0.0000000000000000e+00
6.6666666666666663e-01 2.0000000000000001e-01 0.0000000000000000e+00 0.0000000000000000e+00 0.0000000000000000e+00 0.0000000000000000e+00
6.6666666666666663e-01 2.6666666666666666e-01 0.0000000000000000e+00 0.0000000000000000e+00 0.0000000000000000e+00 0.0000000000000000e+00
6.6666666666666663e-01 3.3333333333333331e-01 0.0000000000000000e+00 0.0000000000000000e+00 2.7105054312137611e-20 2.7105054312137611e-20
6.6666666666666663e-01 4.0000000000000002e-01 0.0000000000000000e+00 0.0000000000000000e+00 1.3552527156068805e-20 1.3552527156068805e-20
6.6666666666666663e-01 4.6666666666666667e-01 0.0000000000000000e+00 0.0000000000000000e+00 0.0000000000000000e+00 0.0000000000000000e+00
6.6666666666666663e-01 5.3333333333333333e-01 0.0000000000000000e+00 0.0000000000000000e+00 -1.3552527156068805e-20 1.3552527156068805e-20
6.6666666666666663e-01 5.9999999999999998e-01 0.0000000000000000e+00 0.0000000000000000e+00 0.0000000000000000e+00 0.0000000000000000e+00
6.6666666666666663e-01 6.6666666666666663e-01 0.0000000000000000e+00 0.0000000000000000e+00 1.3552527156068805e-20 1.3552527156068805e-20
6.6666666666666663e-01 7.3333333333333328e-01 0.0000000000000000e+00 0.0000000000000000e+00 5.4210108624275222e-20 5.4210108624275222e-20
7.3333333333333328e-01 6.6666666666666666e-02 0.0000000000000000e+00 0.0000000000000000e+00 0.0000000000000000e+00 0.0000000000000000e+00
7.3333333333333328e-01 1.3333333333333333e-01 0.0000000000000000e+00 0.0000000000000000e+00 0.0000000000000000e+00 0.0000000000000000e+00
7.3333333333333328e-01 2.0000000000000001e-01 0.0000000000000000e+00 0.0000000000000000e+00 0.0000000000000000e+00 0.0000000000000000e+00
7.3333333333333328e-01 2.6666666666666666e-01 0.0000000000000000e+00 0.0000000000000000e+00 0.0000000000000000e+00 0.0000000000000000e+00
7.3333333333333328e-01 3.3333333333333331e-01 0.0000000000000000e+00 0.0000000000000000e+00 -2.7105054312137611e-20 2.7105054312137611e-20
7.3333333333333328e-01 4.0000000000000002e-01 0.0000000000000000e+00 0.0000000000000000e+00 2.7105054312137611e-20 2.7105054312137611e-20
7.3333333333333328e-01 4.6666666666666667e-01 0.0000000000000000e+00 0.0000000000000000e+00 -1.3552527156068805e-20 1.3552527156068805e-20
7.3333333333333328e-01 5.3333333333333333e-01 0.0000000000000000e+00 0.0000000000000000e+00 0.0000000000000000e+00 0.0000000000000000e+00
7.3333333333333328e-01 5.9999999999999998e-01 0.0000000000000000e+00 0.0000000000000000e+00 0.0000000000000000e+00 0.0000000000000000e+00
7.3333333333333328e-01 6.6666666666666663e-01 0.0000000000000000e+00 0.0000000000000000e+00 0.0000000000000000e+00 0.0000000000000000e+00
8.0000000000000004e-01 6.6666666666666666e-02 0.0000000000000000e+00 0.0000000000000000e+00 -2.7105054312137611e-20 2.7105054312137611e-20
8.0000000000000004e-01 1.3333333333333333e-01 0.0000000000000000e+00 0.0000000000000000e+00 1.3552527156068805e-20 1.3552527156068805e-20
8.0000000000000004e-01 2.0000000000000001e-01 0.0000000000000000e+00 0.0000000000000000e+00 2.1175823681357508e-22 2.1175823681357508e-22
8.0000000000000004e-01 2.6666666666666666e-01 0.0000000000000000e+00 0.0000000000000000e+00 0.0000000000000000e+00 0.0000000000000000e+00
8.0000000000000004e-01 3.3333333333333331e-01 0.0000000000000000e+00 0.0000000000000000e+00 2.7105054312137611e-20 2.7105054312137611e-20
8.0000000000000004e-01 4.0000000000000002e-01 0.0000000000000000e+00 0.0000000000000000e+00 2.7105054312137611e-20 2.7105054312137611e-20
8.0000000000000004e-01 4.6666666666666667e-01 0.0000000000000000e+00 0.0000000000000000e+00 1.3552527156068805e-20 1.3552527156068805e-20
8.0000000000000004e-01 5.3333333333333333e-01 0.0000000000000000e+00 0.0000000000000000e+00 0.0000000000000000e+00 0.0000000000000000e+00
8.0000000000000004e-01 5.9999999999999998e-01 0.0000000000000000e+00 3.2337479938120213e+00 3.2337479938120213e+00 0.0000000000000000e+00
8.6666666666666670e-01 6.6666666666666666e-02 0.0000000000000000e+00 0.0000000000000000e+00 6.7762635780344027e-21 6.7762635780344027e-21
8.6666666666666670e-01 1.3333333333333333e-01 0.0000000000000000e+00 0.0000000000000000e+00 -6.7762635780344027e-21 6.7762635780344027e-21
8.6666666666666670e-01 2.0000000000000001e-01 0.0000000000000000e+00 0.0000000000000000e+00 1.6940658945086007e-21 1.6940658945086007e-21
8.6666666666666670e-01 2.6666666666666666e-01 0.0000000000000000e+00 0.0000000000000000e+00 0.0000000000000000e+00 0.0000000000000000e+00
8.6666666666666670e-01 3.3333333333333331e-01 0.0000000000000000e+00 0.0000000000000000e+00 1.3552527156068805e-20 1.3552527156068805e-20
8.6666666666666670e-01 4.0000000000000002e-01 0.0000000000000000e+00 0.0000000000000000e+00 0.0000000000000000e+00 0.0000000000000000e+00
8.6666666666666670e-01 4.6666666666666667e-01 0.0000000000000000e+00 0.0000000000000000e+00 -1.3552527156068805e-20 1.3552527156068805e-20
9.3333333333333335e-01 6.6666666666666666e-02 0.0000000000000000e+00 0.0000000000000000e+00 1.6940658945086007e-21 1.6940658945086007e-21
9.3333333333333335e-01 1.3333333333333333e-01 0.0000000000000000e+00 0.0000000000000000e+00 -1.3552527156068805e-20 1.3552527156068805e-20
9.3333333333333335e-01 2.0000000000000001e-01 0.0000000000000000e+00 0.0000000000000000e+00 -1.3552527156068805e-20 1.3552527156068805e-20
9.3333333333333335e-01 2.6666666666666666e-01 0.0000000000000000e+00 0.0000000000000000e+00 -1.3552527156068805e-20 1.3552527156068805e-20
9.3333333333333335e-01 3.3333333333333331e-01 0.0000000000000000e+00 0.0000000000000000e+00 0.0000000000000000e+00 0.0000000000000000e+00
