# x y z neumann_error
4.8772580504032069e-02 4.8036798991923880e-03 4.9759236333609846e-01 2.5907033081307151e-09
4.6898277587240376e-02 1.4226436972985921e-02 4.9759236333609846e-01 1.0750280388105438e-09
4.3221700163628113e-02 2.3102480052185379e-02 4.9759236333609846e-01 1.3188486414072997e-10
3.7884137041736328e-02 3.1090707778999430e-02 4.9759236333609846e-01 1.0027913222021567e-09
3.1090707778999430e-02 3.7884137041736328e-02 4.9759236333609846e-01 1.5442292167211491e-09
2.3102480052185390e-02 4.3221700163628113e-02 4.9759236333609846e-01 1.7852420097774768e-09
1.4226436972985921e-02 4.6898277587240383e-02 4.9759236333609846e-01 1.7694017362401837e-09
4.8036798991923958e-03 4.8772580504032062e-02 4.9759236333609846e-01 1.5495491001438211e-09
1.4444343859530451e-01 1.4226436972985921e-02 4.7847016786610441e-01 6.7680957643867501e-09
1.3889255825490054e-01 4.2132596924363677e-02 4.7847016786610441e-01 1.1451912196314140e-09
1.2800411479260479e-01 6.8419624804170728e-02 4.7847016786610441e-01 2.0450490190171422e-09
1.1219654498436386e-01 9.2077324872921126e-02 4.7847016786610441e-01 3.4544928029234256e-09
9.2077324872921126e-02 1.1219654498436386e-01 4.7847016786610441e-01 3.5501263040416120e-09
6.8419624804170742e-02 1.2800411479260479e-01 4.7847016786610441e-01 2.6332824809571775e-09
4.2132596924363677e-02 1.3889255825490054e-01 4.7847016786610441e-01 8.3305229381380741e-10
1.4226436972985946e-02 1.4444343859530448e-01 4.7847016786610441e-01 1.8788439692940528e-09
2.3456341634617300e-01 2.3102480052185379e-02 4.4096063217417752e-01 6.0252398903504201e-09
2.2554927580066894e-01 6.8419624804170728e-02 4.4096063217417752e-01 1.1184437820332960e-09
2.0786740307563631e-01 1.1110744174509944e-01 4.4096063217417752e-01 4.1492564939460408e-09
1.8219730262378964e-01 1.4952546200953518e-01 4.4096063217417752e-01 4.6231835026944168e-09
1.4952546200953518e-01 1.8219730262378964e-01 4.4096063217417752e-01 3.6389740110109869e-09
1.1110744174509948e-01 2.0786740307563628e-01 4.4096063217417752e-01 1.8458408135302307e-09
6.8419624804170728e-02 2.2554927580066897e-01 4.4096063217417752e-01 6.4016747458595091e-10
2.3102480052185421e-02 2.3456341634617298e-01 4.4096063217417752e-01 4.3728685117372379e-09
3.1566925355153747e-01 3.1090707778999430e-02 3.8650522668136850e-01 4.1905109382511796e-09
3.0353826116690874e-01 9.2077324872921126e-02 3.8650522668136850e-01 2.8052162814873327e-09
2.7974246363185373e-01 1.4952546200953518e-01 3.8650522668136850e-01 4.6257295771567897e-09
2.4519632010080761e-01 2.0122741949596792e-01 3.8650522668136850e-01 3.6850695828150037e-09
2.0122741949596792e-01 2.4519632010080761e-01 3.8650522668136850e-01 1.7680594766034119e-09
1.4952546200953520e-01 2.7974246363185373e-01 3.8650522668136850e-01 1.6484857923160234e-10
9.2077324872921126e-02 3.0353826116690880e-01 3.8650522668136850e-01 1.7789349993080350e-09
3.1090707778999482e-02 3.1566925355153741e-01 3.8650522668136850e-01 3.4517546598777926e-09
3.8464409837227320e-01 3.7884137041736328e-02 3.1719664208182274e-01 3.3725996440026051e-09
3.6986244138272223e-01 1.1219654498436386e-01 3.1719664208182274e-01 3.5892701033546359e-09
3.4086717819208007e-01 1.8219730262378964e-01 3.1719664208182274e-01 3.9726966161168775e-09
2.9877258050403210e-01 2.4519632010080761e-01 3.1719664208182274e-01 1.7356933668111196e-09
2.4519632010080761e-01 2.9877258050403210e-01 3.1719664208182274e-01 7.9178597012230512e-10
1.8219730262378969e-01 3.4086717819208001e-01 3.1719664208182274e-01 2.5813369219918059e-09
1.1219654498436386e-01 3.6986244138272228e-01 3.1719664208182274e-01 2.9440485604936839e-09
3.7884137041736390e-02 3.8464409837227320e-01 3.1719664208182274e-01 1.3061116632684389e-09
4.3883728620345797e-01 4.3221700163628113e-02 2.3569836841299890e-01 2.8939922958048925e-09
4.2197301539744442e-01 1.2800411479260479e-01 2.3569836841299890e-01 3.9772879434352149e-09
3.8889255825490054e-01 2.0786740307563628e-01 2.3569836841299890e-01 2.8908353488787952e-09
3.4086717819208001e-01 2.7974246363185373e-01 2.3569836841299890e-01 2.8240698668469122e-10
2.7974246363185373e-01 3.4086717819208001e-01 2.3569836841299890e-01 3.0542923745713324e-09
2.0786740307563636e-01 3.8889255825490049e-01 2.3569836841299890e-01 4.5090300382355508e-09
1.2800411479260479e-01 4.2197301539744447e-01 2.3569836841299890e-01 3.8409257996363522e-09
4.3221700163628182e-02 4.3883728620345791e-01 2.3569836841299890e-01 6.9817041037367744e-11
4.7616620322862935e-01 4.6898277587240383e-02 1.4514233862723117e-01 1.1239978670030126e-09
4.5786740307563634e-01 1.3889255825490054e-01 1.4514233862723117e-01 3.9936044471389209e-09
4.2197301539744453e-01 2.2554927580066897e-01 1.4514233862723117e-01 1.5036503153709191e-09
3.6986244138272228e-01 3.0353826116690880e-01 1.4514233862723117e-01 1.8307557692054388e-09
3.0353826116690880e-01 3.6986244138272228e-01 1.4514233862723117e-01 3.9871159707161041e-09
2.2554927580066905e-01 4.2197301539744447e-01 1.4514233862723117e-01 4.5190278186169053e-09
1.3889255825490054e-01 4.5786740307563639e-01 1.4514233862723117e-01 3.1033517977618885e-09
4.6898277587240460e-02 4.7616620322862929e-01 1.4514233862723117e-01 8.8879170689892817e-10
4.9519632010080761e-01 4.8772580504032062e-02 4.9008570164780385e-02 2.7077941555653240e-09
4.7616620322862924e-01 1.4444343859530448e-01 4.9008570164780385e-02 2.2481899675241834e-09
4.3883728620345797e-01 2.3456341634617298e-01 4.9008570164780385e-02 1.0598109057013971e-09
3.8464409837227320e-01 3.1566925355153741e-01 4.9008570164780385e-02 2.4906270379432272e-09
3.1566925355153741e-01 3.8464409837227320e-01 4.9008570164780385e-02 1.8082699781984957e-09
2.3456341634617306e-01 4.3883728620345791e-01 4.9008570164780385e-02 5.9655391737578611e-11
1.4444343859530448e-01 4.7616620322862929e-01 4.9008570164780385e-02 2.0096271313718717e-09
4.8772580504032145e-02 4.9519632010080755e-01 4.9008570164780385e-02 3.8464702534213302e-09
4.9008570164780302e-02 2.4076366639015569e-03 9.9879545620517241e-01 1.2798514435752306e-09
4.8536590843283836e-02 7.1997231344832187e-03 9.9879545620517241e-01 7.3146001755564072e-10
4.7597177619167048e-02 1.1922472335510791e-02 9.9879545620517241e-01 2.9987014260601796e-10
4.6199377555313705e-02 1.6530401610461053e-02 9.9879545620517241e-01 2.3908042212639202e-11
4.4356652230453937e-02 2.0979134081465862e-02 9.9879545620517241e-01 2.5134472281251874e-10
4.2086748096802289e-02 2.5225826022904893e-02 9.9879545620517241e-01 3.9563530229713706e-10
3.9411525572021641e-02 2.9229579469904138e-02 9.9879545620517241e-01 4.7116235912803006e-10
3.6356748511451015e-02 3.2951836088094717e-02 9.9879545620517241e-01 4.9310264205182364e-10
3.2951836088094717e-02 3.6356748511451015e-02 9.9879545620517241e-01 4.7710937978173718e-10
2.9229579469904145e-02 3.9411525572021634e-02 9.9879545620517241e-01 4.3901038360161238e-10
2.5225826022904893e-02 4.2086748096802289e-02 9.9879545620517241e-01 3.9449105093680714e-10
2.0979134081465869e-02 4.4356652230453937e-02 9.9879545620517241e-01 3.5873976012013031e-10
1.6530401610461053e-02 4.6199377555313705e-02 9.9879545620517241e-01 3.4606500998179968e-10
1.1922472335510796e-02 4.7597177619167048e-02 9.9879545620517241e-01 3.6949163173538579e-10
7.1997231344832187e-03 4.8536590843283836e-02 9.9879545620517241e-01 4.4035983193246864e-10
2.4076366639015625e-03 4.9008570164780302e-02 9.9879545620517241e-01 5.6794241531932244e-10
1.4655373117284443e-01 7.1997231344832187e-03 9.8917650996478101e-01 4.8872593472193415e-10
1.4514233862723119e-01 2.1529832133895567e-02 9.8917650996478101e-01 2.7372745736720105e-10
1.4233314601776459e-01 3.5652597080455060e-02 9.8917650996478101e-01 2.1722207366181578e-10
1.3815320740493470e-01 4.9432008027437711e-02 9.8917650996478101e-01 2.6156798949017457e-10
1.3264277788256992e-01 6.2735361714831808e-02 9.8917650996478101e-01 3.2692776263942847e-10
1.2585492589927788e-01 7.5434539574274886e-02 9.8917650996478101e-01 3.4089908673706759e-10
1.1785502218027494e-01 8.7407241580903752e-02 9.8917650996478101e-01 2.5612167942057340e-10
1.0872011017156737e-01 9.8538164069449860e-02 9.8917650996478101e-01 5.7715165979743688e-11
9.8538164069449860e-02 1.0872011017156737e-01 9.8917650996478101e-01 2.3667745541189333e-10
8.7407241580903766e-02 1.1785502218027492e-01 9.8917650996478101e-01 5.8158966531607348e-10
7.5434539574274886e-02 1.2585492589927788e-01 9.8917650996478101e-01 9.1105478716713151e-10
6.2735361714831822e-02 1.3264277788256992e-01 9.8917650996478101e-01 1.1470919769607235e-09
4.9432008027437711e-02 1.3815320740493470e-01 9.8917650996478101e-01 1.2083851697042292e-09
3.5652597080455074e-02 1.4233314601776459e-01 9.8917650996478101e-01 1.0185441379206850e-09
2.1529832133895567e-02 1.4514233862723119e-01 9.8917650996478101e-01 5.1364179576296465e-10
7.1997231344832352e-03 1.4655373117284443e-01 9.8917650996478101e-01 3.5095337747037547e-10
2.4268749963529529e-01 1.1922472335510791e-02 9.7003125319454397e-01 2.0489417801305976e-10
2.4035028634732516e-01 3.5652597080455060e-02 9.7003125319454397e-01 1.4198345832383552e-09
2.3569836841299879e-01 5.9039367825822475e-02 9.7003125319454397e-01 1.3827829992152374e-09
2.2877654634502079e-01 8.1857557184825819e-02 9.7003125319454397e-01 7.9665263275074949e-10
2.1965148107375859e-01 1.0388741352024673e-01 9.7003125319454397e-01 1.2059797604990763e-10
2.0841105196604257e-01 1.2491677727283064e-01 9.7003125319454397e-01 3.9354175473960140e-10
1.9516351049882358e-01 1.4474312417382063e-01 9.7003125319454397e-01 6.4707161850918737e-10
1.8003643773827380e-01 1.6317551566437638e-01 9.7003125319454397e-01 6.4255001319679650e-10
1.6317551566437638e-01 1.8003643773827380e-01 9.7003125319454397e-01 4.4347647776277199e-10
1.4474312417382065e-01 1.9516351049882355e-01 9.7003125319454397e-01 1.4779866219782889e-10
1.2491677727283064e-01 2.0841105196604257e-01 9.7003125319454397e-01 1.2975331920017652e-10
1.0388741352024676e-01 2.1965148107375859e-01 9.7003125319454397e-01 2.7621771536701090e-10
8.1857557184825819e-02 2.2877654634502079e-01 9.7003125319454397e-01 2.0624169039251683e-10
5.9039367825822503e-02 2.3569836841299879e-01 9.7003125319454397e-01 1.1063439053771162e-10
3.5652597080455060e-02 2.4035028634732516e-01 9.7003125319454397e-01 6.4055050152944659e-10
1.1922472335510819e-02 2.4268749963529529e-01 9.7003125319454397e-01 1.3136165488703000e-09
3.3648405480977606e-01 1.6530401610461053e-02 9.4154406518302081e-01 1.0151390839041596e-10
3.3324352942106295e-01 4.9432008027437711e-02 9.4154406518302081e-01 4.1434433661891035e-10
3.2679368667458142e-01 8.1857557184825819e-02 9.4154406518302081e-01 8.1326495537936694e-10
3.1719664208182274e-01 1.1349477331863152e-01 9.4154406518302081e-01 9.2180130195629317e-10
3.0454482042849346e-01 1.4403897274282468e-01 9.4154406518302081e-01 7.8690276517079383e-10
2.8896006567330434e-01 1.7319599811979244e-01 9.4154406518302081e-01 4.9178927596926769e-10
2.7059246752404142e-01 2.0068505135630332e-01 9.4154406518302081e-01 1.2576384378348848e-10
2.4961891599163263e-01 2.2624139784264452e-01 9.4154406518302081e-01 2.3757706912874710e-10
2.2624139784264452e-01 2.4961891599163263e-01 9.4154406518302081e-01 5.6531579417651301e-10
2.0068505135630335e-01 2.7059246752404142e-01 9.4154406518302081e-01 8.4570195291178152e-10
1.7319599811979244e-01 2.8896006567330434e-01 9.4154406518302081e-01 1.0227219071623495e-09
1.4403897274282471e-01 3.0454482042849346e-01 9.4154406518302081e-01 9.5803320832033023e-10
1.1349477331863152e-01 3.1719664208182274e-01 9.4154406518302081e-01 5.1098636433266620e-10
8.1857557184825860e-02 3.2679368667458142e-01 9.4154406518302081e-01 2.4559110300970133e-10
4.9432008027437711e-02 3.3324352942106295e-01 9.4154406518302081e-01 7.9859940882442970e-10
1.6530401610461092e-02 3.3648405480977606e-01 9.4154406518302081e-01 2.2429058610384800e-10
4.2704008459554371e-01 2.0979134081465862e-02 9.0398929312344334e-01 5.6537829973279941e-10
4.2292745513703228e-01 6.2735361714831808e-02 9.0398929312344334e-01 4.1904291148142647e-10
4.1474180308988684e-01 1.0388741352024673e-01 9.0398929312344334e-01 6.5260241655096252e-11
4.0256196075805406e-01 1.4403897274282468e-01 9.0398929312344334e-01 3.8928960055528705e-10
3.8650522668136850e-01 1.8280335791817726e-01 9.0398929312344334e-01 6.2908978026854356e-10
3.6672623598649234e-01 2.1980724682629729e-01 9.0398929312344334e-01 7.4952288819929436e-10
3.4341547116611337e-01 2.5469427178861642e-01 9.0398929312344334e-01 7.7697914768748433e-10
3.1679742762841218e-01 2.8712845168355949e-01 9.0398929312344334e-01 6.7071592724232687e-10
2.8712845168355949e-01 3.1679742762841218e-01 9.0398929312344334e-01 5.1594084560235842e-10
2.5469427178861642e-01 3.4341547116611332e-01 9.0398929312344334e-01 5.2848991849430149e-10
2.1980724682629729e-01 3.6672623598649234e-01 9.0398929312344334e-01 8.2308426740951290e-10
1.8280335791817728e-01 3.8650522668136850e-01 9.0398929312344334e-01 1.1790945997347535e-09
1.4403897274282468e-01 4.0256196075805406e-01 9.0398929312344334e-01 1.0768084202084083e-09
1.0388741352024679e-01 4.1474180308988684e-01 9.0398929312344334e-01 1.7437429278288619e-10
6.2735361714831808e-02 4.2292745513703228e-01 9.0398929312344334e-01 8.3556850327681786e-10
2.0979134081465910e-02 4.2704008459554371e-01 9.0398929312344334e-01 4.2230796637454660e-10
5.1348348492279983e-01 2.5225826022904893e-02 8.5772861000027212e-01 5.8861249208064237e-11
5.0853835826436755e-01 7.5434539574274886e-02 8.5772861000027212e-01 1.6644113864927590e-10
4.9869572922050487e-01 1.2491677727283064e-01 8.5772861000027212e-01 8.5310247754932789e-10
4.8405038768943259e-01 1.7319599811979244e-01 8.5772861000027212e-01 8.0537632118904412e-10
4.6474337631605284e-01 2.1980724682629729e-01 8.5772861000027212e-01 3.6605696251967856e-10
4.4096063217417747e-01 2.6430163158700110e-01 8.5772861000027212e-01 2.1032064978498966e-12
4.1293119609086304e-01 3.0625064715355355e-01 8.5772861000027212e-01 3.5911851270498119e-10
3.8092500685804026e-01 3.4525030157438397e-01 8.5772861000027212e-01 8.8093288219681654e-10
3.4525030157438397e-01 3.8092500685804026e-01 8.5772861000027212e-01 1.4242551582555052e-09
3.0625064715355360e-01 4.1293119609086298e-01 8.5772861000027212e-01 1.6433934213466728e-09
2.6430163158700110e-01 4.4096063217417747e-01 8.5772861000027212e-01 1.3345160532196587e-09
2.1980724682629735e-01 4.6474337631605284e-01 8.5772861000027212e-01 6.0589089301288368e-10
1.7319599811979244e-01 4.8405038768943259e-01 8.5772861000027212e-01 5.4922733028206494e-11
1.2491677727283070e-01 4.9869572922050487e-01 8.5772861000027212e-01 9.3991037175555903e-11
7.5434539574274886e-02 5.0853835826436755e-01 8.5772861000027212e-01 1.0626970414762127e-09
2.5225826022904952e-02 5.1348348492279983e-01 8.5772861000027212e-01 2.4693225242344852e-10
5.9498175859162383e-01 2.9229579469904138e-02 8.0320753148064494e-01 4.4698963974632022e-10
5.8925175900627258e-01 8.7407241580903752e-02 8.0320753148064494e-01 3.7250585949166748e-10
5.7784694286391336e-01 1.4474312417382063e-01 8.0320753148064494e-01 3.2524982707116123e-11
5.6087714477850381e-01 2.0068505135630332e-01 8.0320753148064494e-01 5.9752203185325925e-11
5.3850579318224168e-01 2.5469427178861642e-01 8.0320753148064494e-01 1.1789791365401925e-10
5.1094833642042370e-01 3.0625064715355355e-01 8.0320753148064494e-01 2.3616220090616480e-10
4.7847016786610447e-01 3.5485766137276881e-01 8.0320753148064494e-01 6.1206595347584880e-11
4.4138407003683494e-01 4.0004720232803426e-01 8.0320753148064494e-01 3.3428504409016568e-10
4.0004720232803426e-01 4.4138407003683494e-01 8.0320753148064494e-01 4.8039128230925598e-10
3.5485766137276892e-01 4.7847016786610441e-01 8.0320753148064494e-01 3.0925662031222600e-10
3.0625064715355355e-01 5.1094833642042370e-01 8.0320753148064494e-01 2.1092372293196604e-10
2.5469427178861648e-01 5.3850579318224168e-01 8.0320753148064494e-01 1.8855095262892974e-10
2.0068505135630332e-01 5.6087714477850381e-01 8.0320753148064494e-01 1.6260770507869893e-10
1.4474312417382068e-01 5.7784694286391336e-01 8.0320753148064494e-01 5.6578741691737378e-10
8.7407241580903752e-02 5.8925175900627258e-01 8.0320753148064494e-01 1.8825341285833019e-10
2.9229579469904204e-02 5.9498175859162383e-01 8.0320753148064494e-01 8.4514617526565416e-12
6.7075003267509647e-01 3.2951836088094717e-02 7.4095112535495911e-01 2.9552002511756825e-10
6.6429034319116953e-01 9.8538164069449860e-02 7.4095112535495911e-01 6.7170269346661371e-11
6.5143317456427141e-01 1.6317551566437638e-01 7.4095112535495911e-01 3.7091218985096930e-11
6.3230234835672239e-01 2.2624139784264452e-01 7.4095112535495911e-01 1.4542944626327881e-10
6.0708210488287451e-01 2.8712845168355949e-01 7.4095112535495911e-01 5.6039994866807774e-10
5.7601532887416851e-01 3.4525030157438397e-01 7.4095112535495911e-01 7.3096395603045039e-10
5.3940121036639554e-01 4.0004720232803426e-01 7.4095112535495911e-01 3.1331248706578663e-10
4.9759236333609841e-01 4.5099142983521961e-01 7.4095112535495911e-01 1.3422019051745337e-10
4.5099142983521961e-01 4.9759236333609841e-01 7.4095112535495911e-01 9.7945784816033665e-10
4.0004720232803437e-01 5.3940121036639543e-01 7.4095112535495911e-01 2.0179768966954725e-09
3.4525030157438397e-01 5.7601532887416851e-01 7.4095112535495911e-01 1.8219106223682502e-09
2.8712845168355960e-01 6.0708210488287451e-01 7.4095112535495911e-01 7.4859274334926340e-10
2.2624139784264452e-01 6.3230234835672239e-01 7.4095112535495911e-01 3.3462788096016993e-10
1.6317551566437644e-01 6.5143317456427141e-01 7.4095112535495911e-01 5.7464744074309237e-10
9.8538164069449860e-02 6.6429034319116953e-01 7.4095112535495911e-01 4.9111337219187590e-10
3.2951836088094787e-02 6.7075003267509647e-01 7.4095112535495911e-01 1.1818368506055776e-10
7.4005861727464228e-01 3.6356748511451015e-02 6.7155895484701833e-01 1.7239723537620932e-10
7.3293144823309542e-01 1.0872011017156737e-01 6.7155895484701833e-01 3.4720532005039217e-10
7.1874574868397867e-01 1.8003643773827380e-01 6.7155895484701833e-01 3.7576697309305018e-10
6.9763813466864222e-01 2.4961891599163263e-01 6.7155895484701833e-01 1.1964362833793984e-10
6.6981188404864933e-01 3.1679742762841218e-01 6.7155895484701833e-01 3.5895442174194159e-10
6.3553497882884646e-01 3.8092500685804026e-01 6.7155895484701833e-01 6.3969274322062120e-11
5.9513752434416256e-01 4.4138407003683494e-01 6.7155895484701833e-01 1.0419065610278722e-09
5.4900857016478033e-01 4.9759236333609841e-01 6.7155895484701833e-01 8.9010088188956615e-10
4.9759236333609841e-01 5.4900857016478033e-01 6.7155895484701833e-01 7.3955241930434568e-10
4.4138407003683505e-01 5.9513752434416256e-01 6.7155895484701833e-01 1.7003554120265107e-09
3.8092500685804026e-01 6.3553497882884646e-01 6.7155895484701833e-01 4.3384140724356257e-10
3.1679742762841229e-01 6.6981188404864933e-01 6.7155895484701833e-01 1.1311884762221780e-09
2.4961891599163263e-01 6.9763813466864222e-01 6.7155895484701833e-01 8.8233731432296736e-10
1.8003643773827385e-01 7.1874574868397867e-01 6.7155895484701833e-01 5.1550763657814969e-10
1.0872011017156737e-01 7.3293144823309542e-01 6.7155895484701833e-01 8.2311046867289406e-10
3.6356748511451098e-02 7.4005861727464228e-01 6.7155895484701833e-01 6.1440275089807983e-10
8.0224003283264100e-01 3.9411525572021634e-02 5.9569930449243347e-01 1.1563787427615324e-09
7.9451402276745120e-01 1.1785502218027492e-01 5.9569930449243347e-01 3.3716912595238568e-10
7.7913640833746600e-01 1.9516351049882355e-01 5.9569930449243347e-01 1.6218648646315614e-10
7.5625528437590550e-01 2.7059246752404142e-01 5.9569930449243347e-01 9.8996366659775958e-12
7.2609100861461395e-01 3.4341547116611332e-01 5.9569930449243347e-01 5.7527804742107946e-10
6.8893407951864327e-01 4.1293119609086298e-01 5.9569930449243347e-01 2.8492719295059032e-10
6.4514233862723114e-01 4.7847016786610441e-01 5.9569930449243347e-01 1.4259531333493669e-09
5.9513752434416256e-01 5.3940121036639543e-01 5.9569930449243347e-01 6.7623240340708435e-10
5.3940121036639543e-01 5.9513752434416256e-01 5.9569930449243347e-01 9.4873620071211917e-10
4.7847016786610447e-01 6.4514233862723103e-01 5.9569930449243347e-01 4.7399373315215598e-10
4.1293119609086298e-01 6.8893407951864327e-01 5.9569930449243347e-01 2.0440404924215727e-09
3.4341547116611343e-01 7.2609100861461395e-01 5.9569930449243347e-01 2.5486768251425929e-09
2.7059246752404142e-01 7.5625528437590550e-01 5.9569930449243347e-01 1.3726619840781495e-10
1.9516351049882366e-01 7.7913640833746600e-01 5.9569930449243347e-01 3.0675417761472090e-10
1.1785502218027492e-01 7.9451402276745120e-01 5.9569930449243347e-01 7.4824813012241975e-10
3.9411525572021724e-02 8.0224003283264100e-01 5.9569930449243347e-01 1.1295755442120026e-09
8.5669543832545014e-01 4.2086748096802289e-02 5.1410274419322166e-01 1.4948223214794609e-10
8.4844499293701192e-01 1.2585492589927788e-01 5.1410274419322166e-01 5.4305682173350078e-10
8.3202355845937825e-01 2.0841105196604257e-01 5.1410274419322166e-01 1.8447143812494460e-10
8.0758928228343807e-01 2.8896006567330434e-01 5.1410274419322166e-01 3.2093883106654175e-11
7.7537747984589955e-01 3.6672623598649234e-01 5.1410274419322166e-01 6.5248006997364882e-10
7.3569836841299896e-01 4.4096063217417747e-01 5.1410274419322166e-01 1.9209034363143473e-10
6.8893407951864338e-01 5.1094833642042370e-01 5.1410274419322166e-01 3.9221959013957530e-12
6.3553497882884646e-01 5.7601532887416851e-01 5.1410274419322166e-01 8.9969365291153736e-10
5.7601532887416851e-01 6.3553497882884646e-01 5.1410274419322166e-01 1.2377974201172037e-09
5.1094833642042381e-01 6.8893407951864327e-01 5.1410274419322166e-01 5.2065862732320056e-10
4.4096063217417747e-01 7.3569836841299896e-01 5.1410274419322166e-01 2.3802835258379673e-09
3.6672623598649240e-01 7.7537747984589955e-01 5.1410274419322166e-01 5.0034065779414050e-10
2.8896006567330434e-01 8.0758928228343807e-01 5.1410274419322166e-01 2.9595841333218686e-09
2.0841105196604268e-01 8.3202355845937825e-01 5.1410274419322166e-01 1.6074550579503466e-09
1.2585492589927788e-01 8.4844499293701192e-01 5.1410274419322166e-01 1.0853407061972575e-09
4.2086748096802386e-02 8.5669543832545014e-01 5.1410274419322166e-01 2.4251569641364767e-09
9.0290039842982095e-01 4.4356652230453937e-02 4.2755509343028220e-01 4.9097645393736400e-10
8.9420497401737709e-01 1.3264277788256992e-01 4.2755509343028220e-01 2.2583934722320009e-11
8.7689786688298366e-01 2.1965148107375859e-01 4.2755509343028220e-01 1.0627001501006816e-09
8.5114575392937220e-01 3.0454482042849346e-01 4.2755509343028220e-01 1.2418888140075524e-10
8.1719664208182274e-01 3.8650522668136850e-01 4.2755509343028220e-01 8.4326701177417362e-10
7.7537747984589955e-01 4.6474337631605284e-01 4.2755509343028220e-01 1.2757483958125704e-10
7.2609100861461406e-01 5.3850579318224168e-01 4.2755509343028220e-01 1.5915064821570013e-09
6.6981188404864933e-01 6.0708210488287451e-01 4.2755509343028220e-01 1.1792189447135115e-09
6.0708210488287451e-01 6.6981188404864933e-01 4.2755509343028220e-01 5.6345772492250035e-10
5.3850579318224179e-01 7.2609100861461395e-01 4.2755509343028220e-01 1.4031695805272193e-09
4.6474337631605284e-01 7.7537747984589955e-01 4.2755509343028220e-01 4.6110493201467762e-10
3.8650522668136855e-01 8.1719664208182274e-01 4.2755509343028220e-01 1.7278738440040797e-09
3.0454482042849346e-01 8.5114575392937220e-01 4.2755509343028220e-01 2.4826336542105309e-09
2.1965148107375870e-01 8.7689786688298366e-01 4.2755509343028220e-01 6.8808647668561207e-10
1.3264277788256992e-01 8.9420497401737709e-01 4.2755509343028220e-01 4.0865613115670385e-09
4.4356652230454041e-02 9.0290039842982095e-01 4.2755509343028220e-01 1.5819439092012999e-09
9.4040993412174789e-01 4.6199377555313705e-02 3.3688985339222005e-01 2.0067768280451759e-10
9.3135327237579280e-01 1.3815320740493470e-01 3.3688985339222005e-01 1.2259502302214287e-09
9.1332716948737103e-01 2.2877654634502079e-01 3.3688985339222005e-01 1.7009320618655011e-09
8.8650522668136855e-01 3.1719664208182274e-01 3.3688985339222005e-01 1.6492918142319013e-10
8.5114575392937220e-01 4.0256196075805406e-01 3.3688985339222005e-01 2.0397166178298676e-09
8.0758928228343807e-01 4.8405038768943259e-01 3.3688985339222005e-01 3.8423797477094013e-10
7.5625528437590561e-01 5.6087714477850381e-01 3.3688985339222005e-01 1.6813657133241122e-09
6.9763813466864222e-01 6.3230234835672239e-01 3.3688985339222005e-01 6.8409278242143046e-11
6.3230234835672239e-01 6.9763813466864222e-01 3.3688985339222005e-01 2.1098269797903413e-09
5.6087714477850392e-01 7.5625528437590550e-01 3.3688985339222005e-01 5.4217830225411490e-10
4.8405038768943259e-01 8.0758928228343807e-01 3.3688985339222005e-01 2.0062409511467649e-09
4.0256196075805417e-01 8.5114575392937220e-01 3.3688985339222005e-01 9.3496943520676723e-10
3.1719664208182274e-01 8.8650522668136855e-01 3.3688985339222005e-01 1.1197038851662455e-09
2.2877654634502090e-01 9.1332716948737103e-01 3.3688985339222005e-01 1.2091407874947890e-09
1.3815320740493470e-01 9.3135327237579280e-01 3.3688985339222005e-01 4.2318677451191888e-09
4.6199377555313809e-02 9.4040993412174789e-01 3.3688985339222005e-01 2.5172313122823198e-09
9.6886280806771963e-01 4.7597177619167048e-02 2.4298017990326398e-01 9.4407193174106396e-10
9.5953212959174183e-01 1.4233314601776459e-01 2.4298017990326398e-01 2.0853129778508617e-09
9.4096063217417747e-01 2.3569836841299879e-01 2.4298017990326398e-01 7.1515515731590540e-10
9.1332716948737103e-01 3.2679368667458142e-01 2.4298017990326398e-01 1.3943255439130553e-09
8.7689786688298366e-01 4.1474180308988684e-01 2.4298017990326398e-01 7.5899508900079127e-10
8.3202355845937825e-01 4.9869572922050487e-01 2.4298017990326398e-01 5.8283733395114723e-10
7.7913640833746611e-01 5.7784694286391336e-01 2.4298017990326398e-01 7.4215655843090644e-10
7.1874574868397867e-01 6.5143317456427141e-01 2.4298017990326398e-01 9.0781160366759650e-11
6.5143317456427141e-01 7.1874574868397867e-01 2.4298017990326398e-01 1.1286944712196600e-09
5.7784694286391347e-01 7.7913640833746600e-01 2.4298017990326398e-01 6.5571281737675235e-10
4.9869572922050487e-01 8.3202355845937825e-01 2.4298017990326398e-01 1.7123769069371519e-09
4.1474180308988695e-01 8.7689786688298366e-01 2.4298017990326398e-01 1.2301031304673415e-09
3.2679368667458142e-01 9.1332716948737103e-01 2.4298017990326398e-01 1.0102079173179845e-09
2.3569836841299890e-01 9.4096063217417747e-01 2.4298017990326398e-01 4.0884446939060126e-09
1.4233314601776459e-01 9.5953212959174183e-01 2.4298017990326398e-01 8.7573370777249693e-10
4.7597177619167159e-02 9.6886280806771963e-01 2.4298017990326398e-01 1.1145320222283317e-09
9.8798500353771368e-01 4.8536590843283836e-02 1.4673047445536175e-01 8.7579331287113149e-10
9.7847016786610452e-01 1.4514233862723119e-01 1.4673047445536175e-01 7.4160283469737465e-10
9.5953212959174183e-01 2.4035028634732516e-01 1.4673047445536175e-01 4.7120263246824834e-10
9.3135327237579280e-01 3.3324352942106295e-01 1.4673047445536175e-01 1.6416190629087168e-09
8.9420497401737709e-01 4.2292745513703228e-01 1.4673047445536175e-01 4.8533443930409703e-10
8.4844499293701192e-01 5.0853835826436755e-01 1.4673047445536175e-01 5.4918425362870948e-10
7.9451402276745131e-01 5.8925175900627258e-01 1.4673047445536175e-01 4.4579406832667701e-10
7.3293144823309542e-01 6.6429034319116953e-01 1.4673047445536175e-01 7.3224182273179395e-10
6.6429034319116953e-01 7.3293144823309542e-01 1.4673047445536175e-01 5.1452531124596135e-10
5.8925175900627269e-01 7.9451402276745120e-01 1.4673047445536175e-01 5.5073634541713545e-10
5.0853835826436755e-01 8.4844499293701192e-01 1.4673047445536175e-01 3.8743852570632953e-10
4.2292745513703239e-01 8.9420497401737709e-01 1.4673047445536175e-01 2.2877451044678310e-09
3.3324352942106295e-01 9.3135327237579280e-01 1.4673047445536175e-01 2.0084627294636448e-09
2.4035028634732528e-01 9.5953212959174183e-01 1.4673047445536175e-01 7.0660322037952028e-10
1.4514233862723119e-01 9.7847016786610452e-01 1.4673047445536175e-01 2.4452559976850807e-09
4.8536590843283947e-02 9.8798500353771368e-01 1.4673047445536175e-01 1.2483569733490185e-09
9.9759236333609846e-01 4.9008570164780302e-02 4.9067674327418126e-02 1.7308940530869066e-09
9.8798500353771368e-01 1.4655373117284443e-01 4.9067674327418126e-02 1.2454999809285994e-09
9.6886280806771963e-01 2.4268749963529529e-01 4.9067674327418126e-02 4.3535053340093555e-10
9.4040993412174789e-01 3.3648405480977606e-01 4.9067674327418126e-02 9.3886720620162123e-10
9.0290039842982095e-01 4.2704008459554371e-01 4.9067674327418126e-02 1.0794343197062517e-10
8.5669543832545014e-01 5.1348348492279983e-01 4.9067674327418126e-02 1.3488898886748757e-10
8.0224003283264111e-01 5.9498175859162383e-01 4.9067674327418126e-02 8.8623774985308046e-11
7.4005861727464228e-01 6.7075003267509647e-01 4.9067674327418126e-02 8.1775031191000380e-11
6.7075003267509647e-01 7.4005861727464228e-01 4.9067674327418126e-02 6.4495742080339369e-10
5.9498175859162394e-01 8.0224003283264100e-01 4.9067674327418126e-02 1.4353052080195994e-10
5.1348348492279983e-01 8.5669543832545014e-01 4.9067674327418126e-02 1.5774936912293924e-09
4.2704008459554382e-01 9.0290039842982095e-01 4.9067674327418126e-02 5.0465498446783386e-10
3.3648405480977606e-01 9.4040993412174789e-01 4.9067674327418126e-02 7.4004269379202015e-10
2.4268749963529540e-01 9.6886280806771963e-01 4.9067674327418126e-02 9.1712637484420156e-10
1.4655373117284443e-01 9.8798500353771368e-01 4.9067674327418126e-02 1.3307062118883550e-09
4.9008570164780413e-02 9.9759236333609846e-01 4.9067674327418126e-02 3.8369307731045410e-09
0.0000000000000000e+00 0.0000000000000000e+00 5.3333333333333333e-01 9.8967012363004869e-10
0.0000000000000000e+00 0.0000000000000000e+00 5.9999999999999998e-01 2.4907516049665901e-09
0.0000000000000000e+00 0.0000000000000000e+00 6.6666666666666663e-01 5.4608939592526440e-10
0.0000000000000000e+00 0.0000000000000000e+00 7.3333333333333328e-01 2.5151702942594056e-10
0.0000000000000000e+00 0.0000000000000000e+00 8.0000000000000004e-01 1.3817902377866176e-09
0.0000000000000000e+00 0.0000000000000000e+00 8.6666666666666670e-01 1.9586150479256048e-09
0.0000000000000000e+00 0.0000000000000000e+00 9.3333333333333335e-01 6.6907679396877029e-10
0.0000000000000000e+00 0.0000000000000000e+00 1.0000000000000000e+00 1.4582544338577444e-09
0.0000000000000000e+00 6.6666666666666666e-02 5.3333333333333333e-01 2.4586380691776766e-09
0.0000000000000000e+00 6.6666666666666666e-02 5.9999999999999998e-01 4.1897175546631860e-09
0.0000000000000000e+00 6.6666666666666666e-02 6.6666666666666663e-01 2.5047611363487876e-09
0.0000000000000000e+00 6.6666666666666666e-02 7.3333333333333328e-01 4.2502958617907094e-11
0.0000000000000000e+00 6.6666666666666666e-02 8.0000000000000004e-01 5.8853770554950779e-10
0.0000000000000000e+00 6.6666666666666666e-02 8.6666666666666670e-01 5.6690591457297934e-10
0.0000000000000000e+00 6.6666666666666666e-02 9.3333333333333335e-01 4.0861476268555519e-10
0.0000000000000000e+00 1.3333333333333333e-01 5.3333333333333333e-01 5.0483597024975069e-09
0.0000000000000000e+00 1.3333333333333333e-01 5.9999999999999998e-01 5.1000510412069211e-10
0.0000000000000000e+00 1.3333333333333333e-01 6.6666666666666663e-01 3.0477783144466919e-10
0.0000000000000000e+00 1.3333333333333333e-01 7.3333333333333328e-01 1.7223983940495291e-09
0.0000000000000000e+00 1.3333333333333333e-01 8.0000000000000004e-01 1.9843303770972209e-09
0.0000000000000000e+00 1.3333333333333333e-01 8.6666666666666670e-01 4.3495828466744157e-10
0.0000000000000000e+00 1.3333333333333333e-01 9.3333333333333335e-01 6.2874106268595575e-10
0.0000000000000000e+00 2.0000000000000001e-01 4.6666666666666667e-01 9.9668663530727564e-09
0.0000000000000000e+00 2.0000000000000001e-01 5.3333333333333333e-01 2.9072498089477428e-09
0.0000000000000000e+00 2.0000000000000001e-01 5.9999999999999998e-01 5.3178473430337547e-10
0.0000000000000000e+00 2.0000000000000001e-01 6.6666666666666663e-01 6.7213127424858854e-10
0.0000000000000000e+00 2.0000000000000001e-01 7.3333333333333328e-01 4.8656768891763846e-10
0.0000000000000000e+00 2.0000000000000001e-01 8.0000000000000004e-01 8.5681940709125826e-10
0.0000000000000000e+00 2.0000000000000001e-01 8.6666666666666670e-01 2.2047869779884266e-10
0.0000000000000000e+00 2.0000000000000001e-01 9.3333333333333335e-01 1.0737935401960996e-09
0.0000000000000000e+00 2.6666666666666666e-01 4.6666666666666667e-01 1.8102578186462992e-09
0.0000000000000000e+00 2.6666666666666666e-01 5.3333333333333333e-01 1.5283800752774468e-09
0.0000000000000000e+00 2.6666666666666666e-01 5.9999999999999998e-01 2.9868042206171452e-09
0.0000000000000000e+00 2.6666666666666666e-01 6.6666666666666663e-01 2.5222697958016127e-09
0.0000000000000000e+00 2.6666666666666666e-01 7.3333333333333328e-01 1.1373871150466286e-09
0.0000000000000000e+00 2.6666666666666666e-01 8.0000000000000004e-01 1.1730411086929848e-10
0.0000000000000000e+00 2.6666666666666666e-01 8.6666666666666670e-01 2.0503065911725571e-10
0.0000000000000000e+00 2.6666666666666666e-01 9.3333333333333335e-01 8.6338665383767221e-10
0.0000000000000000e+00 3.3333333333333331e-01 4.0000000000000002e-01 2.2624251361236247e-09
0.0000000000000000e+00 3.3333333333333331e-01 4.6666666666666667e-01 2.5289697697106206e-09
0.0000000000000000e+00 3.3333333333333331e-01 5.3333333333333333e-01 3.3399900067898614e-09
0.0000000000000000e+00 3.3333333333333331e-01 5.9999999999999998e-01 3.5386608504550665e-09
0.0000000000000000e+00 3.3333333333333331e-01 6.6666666666666663e-01 2.6202245512196853e-09
0.0000000000000000e+00 3.3333333333333331e-01 7.3333333333333328e-01 8.8166300649117346e-10
0.0000000000000000e+00 3.3333333333333331e-01 8.0000000000000004e-01 6.7415779902990636e-10
0.0000000000000000e+00 3.3333333333333331e-01 8.6666666666666670e-01 7.1910076504533293e-10
0.0000000000000000e+00 3.3333333333333331e-01 9.3333333333333335e-01 1.6594897817023835e-09
0.0000000000000000e+00 4.0000000000000002e-01 3.3333333333333331e-01 5.0528049522213792e-09
0.0000000000000000e+00 4.0000000000000002e-01 4.0000000000000002e-01 2.3943730609321534e-09
0.0000000000000000e+00 4.0000000000000002e-01 4.6666666666666667e-01 1.5999250813081289e-09
0.0000000000000000e+00 4.0000000000000002e-01 5.3333333333333333e-01 1.7693631559900780e-09
0.0000000000000000e+00 4.0000000000000002e-01 5.9999999999999998e-01 1.7207814062558668e-09
0.0000000000000000e+00 4.0000000000000002e-01 6.6666666666666663e-01 6.8707745048968150e-10
0.0000000000000000e+00 4.0000000000000002e-01 7.3333333333333328e-01 1.1180948111810807e-09
0.0000000000000000e+00 4.0000000000000002e-01 8.0000000000000004e-01 2.2789038711668042e-09
0.0000000000000000e+00 4.0000000000000002e-01 8.6666666666666670e-01 5.4708232388733791e-10
0.0000000000000000e+00 4.6666666666666667e-01 2.0000000000000001e-01 7.3177739701169031e-09
0.0000000000000000e+00 4.6666666666666667e-01 2.6666666666666666e-01 3.6493255084479870e-09
0.0000000000000000e+00 4.6666666666666667e-01 3.3333333333333331e-01 1.2223319578730241e-10
0.0000000000000000e+00 4.6666666666666667e-01 4.0000000000000002e-01 1.6904682098584090e-09
0.0000000000000000e+00 4.6666666666666667e-01 4.6666666666666667e-01 1.7227761717197865e-09
0.0000000000000000e+00 4.6666666666666667e-01 5.3333333333333333e-01 9.5846663938914389e-10
0.0000000000000000e+00 4.6666666666666667e-01 5.9999999999999998e-01 6.5070404620115596e-10
0.0000000000000000e+00 4.6666666666666667e-01 6.6666666666666663e-01 1.4421099314709807e-09
0.0000000000000000e+00 4.6666666666666667e-01 7.3333333333333328e-01 2.6712966005870697e-09
0.0000000000000000e+00 4.6666666666666667e-01 8.0000000000000004e-01 2.2142576938666281e-09
0.0000000000000000e+00 4.6666666666666667e-01 8.6666666666666670e-01 2.7285758930073456e-09
0.0000000000000000e+00 5.3333333333333333e-01 0.0000000000000000e+00 3.1144062912733341e-09
0.0000000000000000e+00 5.3333333333333333e-01 6.6666666666666666e-02 7.9669987274044729e-10
0.0000000000000000e+00 5.3333333333333333e-01 1.3333333333333333e-01 1.7506955884982744e-09
0.0000000000000000e+00 5.3333333333333333e-01 2.0000000000000001e-01 2.0305845893631158e-10
0.0000000000000000e+00 5.3333333333333333e-01 2.6666666666666666e-01 2.6039389533494273e-09
0.0000000000000000e+00 5.3333333333333333e-01 3.3333333333333331e-01 4.5412681948242550e-09
0.0000000000000000e+00 5.3333333333333333e-01 4.0000000000000002e-01 4.7309391404404266e-09
0.0000000000000000e+00 5.3333333333333333e-01 4.6666666666666667e-01 3.5288981736769642e-09
0.0000000000000000e+00 5.3333333333333333e-01 5.3333333333333333e-01 2.0393527977446979e-09
0.0000000000000000e+00 5.3333333333333333e-01 5.9999999999999998e-01 1.3335281767723473e-09
0.0000000000000000e+00 5.3333333333333333e-01 6.6666666666666663e-01 1.6259144586250329e-09
0.0000000000000000e+00 5.3333333333333333e-01 7.3333333333333328e-01 1.7411443398174242e-09
0.0000000000000000e+00 5.3333333333333333e-01 8.0000000000000004e-01 7.1529271394865646e-10
0.0000000000000000e+00 5.9999999999999998e-01 0.0000000000000000e+00 2.1860100969103563e-10
0.0000000000000000e+00 5.9999999999999998e-01 6.6666666666666666e-02 7.3482553375470161e-11
0.0000000000000000e+00 5.9999999999999998e-01 1.3333333333333333e-01 1.0089751256714408e-09
0.0000000000000000e+00 5.9999999999999998e-01 2.0000000000000001e-01 2.8124473860913213e-09
0.0000000000000000e+00 5.9999999999999998e-01 2.6666666666666666e-01 4.2834094604593531e-09
0.0000000000000000e+00 5.9999999999999998e-01 3.3333333333333331e-01 4.5800908066162549e-09
0.0000000000000000e+00 5.9999999999999998e-01 4.0000000000000002e-01 3.5778924267759749e-09
0.0000000000000000e+00 5.9999999999999998e-01 4.6666666666666667e-01 1.8664279011204599e-09
0.0000000000000000e+00 5.9999999999999998e-01 5.3333333333333333e-01 3.5900399319999110e-10
0.0000000000000000e+00 5.9999999999999998e-01 5.9999999999999998e-01 3.0385099991647735e-10
0.0000000000000000e+00 5.9999999999999998e-01 6.6666666666666663e-01 3.1445412940200868e-10
0.0000000000000000e+00 5.9999999999999998e-01 7.3333333333333328e-01 9.1845014926761337e-10
0.0000000000000000e+00 5.9999999999999998e-01 8.0000000000000004e-01 1.2900023271811278e-09
0.0000000000000000e+00 6.6666666666666663e-01 0.0000000000000000e+00 2.4767756963589979e-09
0.0000000000000000e+00 6.6666666666666663e-01 6.6666666666666666e-02 3.1723446092257745e-10
0.0000000000000000e+00 6.6666666666666663e-01 1.3333333333333333e-01 6.7184796614938591e-10
0.0000000000000000e+00 6.6666666666666663e-01 2.0000000000000001e-01 1.0738966937928751e-09
0.0000000000000000e+00 6.6666666666666663e-01 2.6666666666666666e-01 1.0129347360887664e-09
0.0000000000000000e+00 6.6666666666666663e-01 3.3333333333333331e-01 3.6596131680610711e-10
0.0000000000000000e+00 6.6666666666666663e-01 4.0000000000000002e-01 7.3790856758293444e-10
0.0000000000000000e+00 6.6666666666666663e-01 4.6666666666666667e-01 1.8496206788398695e-09
0.0000000000000000e+00 6.6666666666666663e-01 5.3333333333333333e-01 2.4223508199305854e-09
0.0000000000000000e+00 6.6666666666666663e-01 5.9999999999999998e-01 2.1677860062574439e-09
0.0000000000000000e+00 6.6666666666666663e-01 6.6666666666666663e-01 1.3761389250355194e-09
0.0000000000000000e+00 6.6666666666666663e-01 7.3333333333333328e-01 1.0149524554137201e-09
0.0000000000000000e+00 7.3333333333333328e-01 0.0000000000000000e+00 3.4232701489883766e-10
0.0000000000000000e+00 7.3333333333333328e-01 6.6666666666666666e-02 5.5295334977500943e-10
0.0000000000000000e+00 7.3333333333333328e-01 1.3333333333333333e-01 1.0157190644122238e-09
0.0000000000000000e+00 7.3333333333333328e-01 2.0000000000000001e-01 2.2047210723741273e-09
0.0000000000000000e+00 7.3333333333333328e-01 2.6666666666666666e-01 2.9174490601135972e-09
0.0000000000000000e+00 7.3333333333333328e-01 3.3333333333333331e-01 3.4246225855127932e-09
0.0000000000000000e+00 7.3333333333333328e-01 4.0000000000000002e-01 3.8006308100690944e-09
0.0000000000000000e+00 7.3333333333333328e-01 4.6666666666666667e-01 3.7404134234364506e-09
0.0000000000000000e+00 7.3333333333333328e-01 5.3333333333333333e-01 2.7057150964182597e-09
0.0000000000000000e+00 7.3333333333333328e-01 5.9999999999999998e-01 3.4364722178992224e-10
0.0000000000000000e+00 7.3333333333333328e-01 6.6666666666666663e-01 2.8854008071732551e-09
0.0000000000000000e+00 8.0000000000000004e-01 0.0000000000000000e+00 1.9446738100139259e-09
0.0000000000000000e+00 8.0000000000000004e-01 6.6666666666666666e-02 9.3253471611376426e-10
0.0000000000000000e+00 8.0000000000000004e-01 1.3333333333333333e-01 1.6451482398593953e-09
0.0000000000000000e+00 8.0000000000000004e-01 2.0000000000000001e-01 2.4186365132905507e-09
0.0000000000000000e+00 8.0000000000000004e-01 2.6666666666666666e-01 2.1542726491574626e-09
0.0000000000000000e+00 8.0000000000000004e-01 3.3333333333333331e-01 1.8069573615164813e-09
0.0000000000000000e+00 8.0000000000000004e-01 4.0000000000000002e-01 1.6306228589613170e-09
0.0000000000000000e+00 8.0000000000000004e-01 4.6666666666666667e-01 8.4346707396321108e-10
0.0000000000000000e+00 8.0000000000000004e-01 5.3333333333333333e-01 1.8675043733651364e-09
0.0000000000000000e+00 8.0000000000000004e-01 5.9999999999999998e-01 1.7695258591743368e-09
0.0000000000000000e+00 8.6666666666666670e-01 0.0000000000000000e+00 4.4461539958529335e-10
0.0000000000000000e+00 8.6666666666666670e-01 6.6666666666666666e-02 7.8637096834199838e-12
0.0000000000000000e+00 8.6666666666666670e-01 1.3333333333333333e-01 2.6404944897251426e-10
0.0000000000000000e+00 8.6666666666666670e-01 2.0000000000000001e-01 1.3280961885797637e-09
0.0000000000000000e+00 8.6666666666666670e-01 2.6666666666666666e-01 3.1808352618512004e-09
0.0000000000000000e+00 8.6666666666666670e-01 3.3333333333333331e-01 3.7421986620600478e-09
0.0000000000000000e+00 8.6666666666666670e-01 4.0000000000000002e-01 3.1240776632301959e-09
0.0000000000000000e+00 8.6666666666666670e-01 4.6666666666666667e-01 3.4273193172396077e-09
0.0000000000000000e+00 9.3333333333333335e-01 0.0000000000000000e+00 8.1052885221076844e-10
0.0000000000000000e+00 9.3333333333333335e-01 6.6666666666666666e-02 5.3249771259089584e-10
0.0000000000000000e+00 9.3333333333333335e-01 1.3333333333333333e-01 3.5064962045083803e-10
0.0000000000000000e+00 9.3333333333333335e-01 2.0000000000000001e-01 9.2703467124977124e-10
0.0000000000000000e+00 9.3333333333333335e-01 2.6666666666666666e-01 3.9257175288298640e-10
0.0000000000000000e+00 9.3333333333333335e-01 3.3333333333333331e-01 2.3065177545689153e-09
0.0000000000000000e+00 1.0000000000000000e+00 0.0000000000000000e+00 1.5952243970218660e-09
6.6666666666666666e-02 0.0000000000000000e+00 5.3333333333333333e-01 8.0440489824695760e-09
6.6666666666666666e-02 0.0000000000000000e+00 5.9999999999999998e-01 1.1677014910560501e-10
6.6666666666666666e-02 0.0000000000000000e+00 6.6666666666666663e-01 6.0259797152184547e-11
6.6666666666666666e-02 0.0000000000000000e+00 7.3333333333333328e-01 1.2723817555126971e-09
6.6666666666666666e-02 0.0000000000000000e+00 8.0000000000000004e-01 7.8725381769118030e-10
6.6666666666666666e-02 0.0000000000000000e+00 8.6666666666666670e-01 4.2174352898882717e-10
6.6666666666666666e-02 0.0000000000000000e+00 9.3333333333333335e-01 6.3817351403372413e-10
1.3333333333333333e-01 0.0000000000000000e+00 5.3333333333333333e-01 1.5650631901564793e-09
1.3333333333333333e-01 0.0000000000000000e+00 5.9999999999999998e-01 3.0756024393951975e-09
1.3333333333333333e-01 0.0000000000000000e+00 6.6666666666666663e-01 3.0310021159607459e-10
1.3333333333333333e-01 0.0000000000000000e+00 7.3333333333333328e-01 1.8628902864747943e-09
1.3333333333333333e-01 0.0000000000000000e+00 8.0000000000000004e-01 6.3289462559623644e-10
1.3333333333333333e-01 0.0000000000000000e+00 8.6666666666666670e-01 1.1322653925560644e-09
1.3333333333333333e-01 0.0000000000000000e+00 9.3333333333333335e-01 7.4807049443847973e-10
2.0000000000000001e-01 0.0000000000000000e+00 4.6666666666666667e-01 5.8029292482331130e-09
2.0000000000000001e-01 0.0000000000000000e+00 5.3333333333333333e-01 5.0002504359270006e-09
2.0000000000000001e-01 0.0000000000000000e+00 5.9999999999999998e-01 4.2340202455193321e-09
2.0000000000000001e-01 0.0000000000000000e+00 6.6666666666666663e-01 5.5079052430073716e-10
2.0000000000000001e-01 0.0000000000000000e+00 7.3333333333333328e-01 2.2877126859555119e-09
2.0000000000000001e-01 0.0000000000000000e+00 8.0000000000000004e-01 1.1928902310387457e-10
2.0000000000000001e-01 0.0000000000000000e+00 8.6666666666666670e-01 2.3824995309951191e-09
2.0000000000000001e-01 0.0000000000000000e+00 9.3333333333333335e-01 1.0453415910660624e-11
2.6666666666666666e-01 0.0000000000000000e+00 4.6666666666666667e-01 2.3667729998066989e-09
2.6666666666666666e-01 0.0000000000000000e+00 5.3333333333333333e-01 5.8823768078752892e-09
2.6666666666666666e-01 0.0000000000000000e+00 5.9999999999999998e-01 2.2255135512239121e-09
2.6666666666666666e-01 0.0000000000000000e+00 6.6666666666666663e-01 1.7583574596358176e-09
2.6666666666666666e-01 0.0000000000000000e+00 7.3333333333333328e-01 1.9674715190376446e-09
2.6666666666666666e-01 0.0000000000000000e+00 8.0000000000000004e-01 7.0972117072187757e-10
2.6666666666666666e-01 0.0000000000000000e+00 8.6666666666666670e-01 2.0604202788376824e-09
2.6666666666666666e-01 0.0000000000000000e+00 9.3333333333333335e-01 1.4180754348558366e-09
3.3333333333333331e-01 0.0000000000000000e+00 4.0000000000000002e-01 2.2062049964688413e-09
3.3333333333333331e-01 0.0000000000000000e+00 4.6666666666666667e-01 3.3557783218896020e-09
3.3333333333333331e-01 0.0000000000000000e+00 5.3333333333333333e-01 2.2751653894204082e-09
3.3333333333333331e-01 0.0000000000000000e+00 5.9999999999999998e-01 7.5529893450720920e-10
3.3333333333333331e-01 0.0000000000000000e+00 6.6666666666666663e-01 2.0324653071668308e-09
3.3333333333333331e-01 0.0000000000000000e+00 7.3333333333333328e-01 8.9289731164399200e-10
3.3333333333333331e-01 0.0000000000000000e+00 8.0000000000000004e-01 7.8438100459266025e-10
3.3333333333333331e-01 0.0000000000000000e+00 8.6666666666666670e-01 9.1338847596489359e-10
3.3333333333333331e-01 0.0000000000000000e+00 9.3333333333333335e-01 6.0454219408256904e-10
4.0000000000000002e-01 0.0000000000000000e+00 3.3333333333333331e-01 2.9797133649367424e-09
4.0000000000000002e-01 0.0000000000000000e+00 4.0000000000000002e-01 9.9975050460443526e-10
4.0000000000000002e-01 0.0000000000000000e+00 4.6666666666666667e-01 1.6166001870487889e-10
4.0000000000000002e-01 0.0000000000000000e+00 5.3333333333333333e-01 1.7856578438113502e-09
4.0000000000000002e-01 0.0000000000000000e+00 5.9999999999999998e-01 2.2246058328789786e-09
4.0000000000000002e-01 0.0000000000000000e+00 6.6666666666666663e-01 9.9152952515169090e-10
4.0000000000000002e-01 0.0000000000000000e+00 7.3333333333333328e-01 2.8664937090638887e-10
4.0000000000000002e-01 0.0000000000000000e+00 8.0000000000000004e-01 3.2448399522877480e-10
4.0000000000000002e-01 0.0000000000000000e+00 8.6666666666666670e-01 2.5769741895942389e-10
4.6666666666666667e-01 0.0000000000000000e+00 2.0000000000000001e-01 6.1649894078641410e-09
4.6666666666666667e-01 0.0000000000000000e+00 2.6666666666666666e-01 1.0524874305417597e-09
4.6666666666666667e-01 0.0000000000000000e+00 3.3333333333333331e-01 2.3852995134632238e-09
4.6666666666666667e-01 0.0000000000000000e+00 4.0000000000000002e-01 6.1532556827614826e-11
4.6666666666666667e-01 0.0000000000000000e+00 4.6666666666666667e-01 2.6852013945699582e-09
4.6666666666666667e-01 0.0000000000000000e+00 5.3333333333333333e-01 3.0814466533968243e-09
4.6666666666666667e-01 0.0000000000000000e+00 5.9999999999999998e-01 1.3158460987483522e-09
4.6666666666666667e-01 0.0000000000000000e+00 6.6666666666666663e-01 6.1907767801017144e-10
4.6666666666666667e-01 0.0000000000000000e+00 7.3333333333333328e-01 7.9305984002076002e-10
4.6666666666666667e-01 0.0000000000000000e+00 8.0000000000000004e-01 3.5038461021486000e-10
4.6666666666666667e-01 0.0000000000000000e+00 8.6666666666666670e-01 7.5875261629221313e-10
5.3333333333333333e-01 0.0000000000000000e+00 0.0000000000000000e+00 2.9302935231610022e-09
5.3333333333333333e-01 0.0000000000000000e+00 6.6666666666666666e-02 6.7243517420934040e-09
5.3333333333333333e-01 0.0000000000000000e+00 1.3333333333333333e-01 4.1336312150974663e-10
5.3333333333333333e-01 0.0000000000000000e+00 2.0000000000000001e-01 4.9202584229135482e-09
5.3333333333333333e-01 0.0000000000000000e+00 2.6666666666666666e-01 4.7585069218314402e-09
5.3333333333333333e-01 0.0000000000000000e+00 3.3333333333333331e-01 1.6070793584788134e-09
5.3333333333333333e-01 0.0000000000000000e+00 4.0000000000000002e-01 1.5409669096300149e-09
5.3333333333333333e-01 0.0000000000000000e+00 4.6666666666666667e-01 2.5396067471206152e-09
5.3333333333333333e-01 0.0000000000000000e+00 5.3333333333333333e-01 1.2209784294725523e-09
5.3333333333333333e-01 0.0000000000000000e+00 5.9999999999999998e-01 8.0821305203926386e-10
5.3333333333333333e-01 0.0000000000000000e+00 6.6666666666666663e-01 1.5262151542572155e-09
5.3333333333333333e-01 0.0000000000000000e+00 7.3333333333333328e-01 3.4909675150629482e-10
5.3333333333333333e-01 0.0000000000000000e+00 8.0000000000000004e-01 6.6902838824489663e-10
5.9999999999999998e-01 0.0000000000000000e+00 0.0000000000000000e+00 1.9350740778360949e-10
5.9999999999999998e-01 0.0000000000000000e+00 6.6666666666666666e-02 1.6265300217810363e-09
5.9999999999999998e-01 0.0000000000000000e+00 1.3333333333333333e-01 4.5178421004266056e-09
5.9999999999999998e-01 0.0000000000000000e+00 2.0000000000000001e-01 3.7887519788171176e-09
5.9999999999999998e-01 0.0000000000000000e+00 2.6666666666666666e-01 1.2366339063873966e-09
5.9999999999999998e-01 0.0000000000000000e+00 3.3333333333333331e-01 8.5984286357643214e-10
5.9999999999999998e-01 0.0000000000000000e+00 4.0000000000000002e-01 1.2268150939576117e-09
5.9999999999999998e-01 0.0000000000000000e+00 4.6666666666666667e-01 3.7817748932411632e-11
5.9999999999999998e-01 0.0000000000000000e+00 5.3333333333333333e-01 1.4796635028346827e-09
5.9999999999999998e-01 0.0000000000000000e+00 5.9999999999999998e-01 1.9651182903146491e-09
5.9999999999999998e-01 0.0000000000000000e+00 6.6666666666666663e-01 9.6440722074930818e-10
5.9999999999999998e-01 0.0000000000000000e+00 7.3333333333333328e-01 4.2234526986817400e-10
5.9999999999999998e-01 0.0000000000000000e+00 8.0000000000000004e-01 3.8608589098973277e-10
6.6666666666666663e-01 0.0000000000000000e+00 0.0000000000000000e+00 4.5380733730272785e-10
6.6666666666666663e-01 0.0000000000000000e+00 6.6666666666666666e-02 1.5805161623916320e-09
6.6666666666666663e-01 0.0000000000000000e+00 1.3333333333333333e-01 7.0916117422825664e-10
6.6666666666666663e-01 0.0000000000000000e+00 2.0000000000000001e-01 1.4838135165007316e-09
6.6666666666666663e-01 0.0000000000000000e+00 2.6666666666666666e-01 2.5287221205871901e-09
6.6666666666666663e-01 0.0000000000000000e+00 3.3333333333333331e-01 1.6363923549533865e-09
6.6666666666666663e-01 0.0000000000000000e+00 4.0000000000000002e-01 3.3301228441473540e-10
6.6666666666666663e-01 0.0000000000000000e+00 4.6666666666666667e-01 1.8883112851142414e-09
6.6666666666666663e-01 0.0000000000000000e+00 5.3333333333333333e-01 2.0247958865127202e-09
6.6666666666666663e-01 0.0000000000000000e+00 5.9999999999999998e-01 8.7691720551674734e-10
6.6666666666666663e-01 0.0000000000000000e+00 6.6666666666666663e-01 3.3372460350733490e-10
6.6666666666666663e-01 0.0000000000000000e+00 7.3333333333333328e-01 2.9011015811875041e-11
7.3333333333333328e-01 0.0000000000000000e+00 0.0000000000000000e+00 6.4438025491648361e-10
7.3333333333333328e-01 0.0000000000000000e+00 6.6666666666666666e-02 5.0865978096226172e-11
7.3333333333333328e-01 0.0000000000000000e+00 1.3333333333333333e-01 2.1446440179317960e-09
7.3333333333333328e-01 0.0000000000000000e+00 2.0000000000000001e-01 3.2088474100078201e-09
7.3333333333333328e-01 0.0000000000000000e+00 2.6666666666666666e-01 2.3086874634259402e-09
7.3333333333333328e-01 0.0000000000000000e+00 3.3333333333333331e-01 3.7570568878209087e-10
7.3333333333333328e-01 0.0000000000000000e+00 4.0000000000000002e-01 9.8293906347635129e-10
7.3333333333333328e-01 0.0000000000000000e+00 4.6666666666666667e-01 8.6979667912601144e-10
7.3333333333333328e-01 0.0000000000000000e+00 5.3333333333333333e-01 2.5257751445906251e-10
7.3333333333333328e-01 0.0000000000000000e+00 5.9999999999999998e-01 9.3325258632148689e-10
7.3333333333333328e-01 0.0000000000000000e+00 6.6666666666666663e-01 2.2946622380004555e-10
8.0000000000000004e-01 0.0000000000000000e+00 0.0000000000000000e+00 3.8421176103322209e-10
8.0000000000000004e-01 0.0000000000000000e+00 6.6666666666666666e-02 3.3990588121923793e-11
8.0000000000000004e-01 0.0000000000000000e+00 1.3333333333333333e-01 7.8112938339813809e-10
8.0000000000000004e-01 0.0000000000000000e+00 2.0000000000000001e-01 1.1064971161545145e-10
8.0000000000000004e-01 0.0000000000000000e+00 2.6666666666666666e-01 8.9159968297281011e-10
8.0000000000000004e-01 0.0000000000000000e+00 3.3333333333333331e-01 9.3034602244301823e-10
8.0000000000000004e-01 0.0000000000000000e+00 4.0000000000000002e-01 2.4282131860786649e-10
8.0000000000000004e-01 0.0000000000000000e+00 4.6666666666666667e-01 1.5474621584132819e-09
8.0000000000000004e-01 0.0000000000000000e+00 5.3333333333333333e-01 1.3335763604516160e-09
8.0000000000000004e-01 0.0000000000000000e+00 5.9999999999999998e-01 1.0825014237696246e-09
8.6666666666666670e-01 0.0000000000000000e+00 0.0000000000000000e+00 7.5748840058487381e-10
8.6666666666666670e-01 0.0000000000000000e+00 6.6666666666666666e-02 2.3375390512114791e-10
8.6666666666666670e-01 0.0000000000000000e+00 1.3333333333333333e-01 1.5780754480942960e-09
8.6666666666666670e-01 0.0000000000000000e+00 2.0000000000000001e-01 2.8705144927698711e-09
8.6666666666666670e-01 0.0000000000000000e+00 2.6666666666666666e-01 2.4092416950338702e-09
8.6666666666666670e-01 0.0000000000000000e+00 3.3333333333333331e-01 6.2763749753003140e-10
8.6666666666666670e-01 0.0000000000000000e+00 4.0000000000000002e-01 3.1310865011846545e-10
8.6666666666666670e-01 0.0000000000000000e+00 4.6666666666666667e-01 1.6938379587827512e-09
9.3333333333333335e-01 0.0000000000000000e+00 0.0000000000000000e+00 1.8121026540003124e-10
9.3333333333333335e-01 0.0000000000000000e+00 6.6666666666666666e-02 1.5231238492674493e-10
9.3333333333333335e-01 0.0000000000000000e+00 1.3333333333333333e-01 3.6735547936928015e-10
9.3333333333333335e-01 0.0000000000000000e+00 2.0000000000000001e-01 7.1740036133860485e-10
9.3333333333333335e-01 0.0000000000000000e+00 2.6666666666666666e-01 2.0152448598764749e-09
9.3333333333333335e-01 0.0000000000000000e+00 3.3333333333333331e-01 7.8944850656625931e-11
1.0000000000000000e+00 0.0000000000000000e+00 0.0000000000000000e+00 7.2252907158667880e-10
6.6666666666666666e-02 5.3333333333333333e-01 0.0000000000000000e+00 3.6493172703586779e-09
6.6666666666666666e-02 5.9999999999999998e-01 0.0000000000000000e+00 4.2833661267977700e-10
6.6666666666666666e-02 6.6666666666666663e-01 0.0000000000000000e+00 9.4372155272441510e-10
6.6666666666666666e-02 7.3333333333333328e-01 0.0000000000000000e+00 5.2608247882516074e-10
6.6666666666666666e-02 8.0000000000000004e-01 0.0000000000000000e+00 3.0829665592935474e-10
6.6666666666666666e-02 8.6666666666666670e-01 0.0000000000000000e+00 1.3940474433366918e-09
6.6666666666666666e-02 9.3333333333333335e-01 0.0000000000000000e+00 7.5064249125331773e-10
1.3333333333333333e-01 5.3333333333333333e-01 0.0000000000000000e+00 2.6519954621162622e-09
1.3333333333333333e-01 5.9999999999999998e-01 0.0000000000000000e+00 1.8336597064113536e-09
1.3333333333333333e-01 6.6666666666666663e-01 0.0000000000000000e+00 1.6704847540727376e-09
1.3333333333333333e-01 7.3333333333333328e-01 0.0000000000000000e+00 2.0638318913265275e-10
1.3333333333333333e-01 8.0000000000000004e-01 0.0000000000000000e+00 1.2740072515201584e-09
1.3333333333333333e-01 8.6666666666666670e-01 0.0000000000000000e+00 7.5984309305954261e-10
1.3333333333333333e-01 9.3333333333333335e-01 0.0000000000000000e+00 6.1779147229677608e-10
2.0000000000000001e-01 4.6666666666666667e-01 0.0000000000000000e+00 6.8863328596338209e-09
2.0000000000000001e-01 5.3333333333333333e-01 0.0000000000000000e+00 7.6747992934588089e-10
2.0000000000000001e-01 5.9999999999999998e-01 0.0000000000000000e+00 3.0689202557228287e-09
2.0000000000000001e-01 6.6666666666666663e-01 0.0000000000000000e+00 9.0544802851098507e-10
2.0000000000000001e-01 7.3333333333333328e-01 0.0000000000000000e+00 1.9412262352026640e-09
2.0000000000000001e-01 8.0000000000000004e-01 0.0000000000000000e+00 1.7944535450681794e-09
2.0000000000000001e-01 8.6666666666666670e-01 0.0000000000000000e+00 1.3228150964523939e-09
2.0000000000000001e-01 9.3333333333333335e-01 0.0000000000000000e+00 5.2996872415682667e-10
2.6666666666666666e-01 4.6666666666666667e-01 0.0000000000000000e+00 1.7078101759964459e-09
2.6666666666666666e-01 5.3333333333333333e-01 0.0000000000000000e+00 3.3677820418474985e-09
2.6666666666666666e-01 5.9999999999999998e-01 0.0000000000000000e+00 3.4550938275625951e-09
2.6666666666666666e-01 6.6666666666666663e-01 0.0000000000000000e+00 2.1545625013312843e-10
2.6666666666666666e-01 7.3333333333333328e-01 0.0000000000000000e+00 3.2969373801020591e-09
2.6666666666666666e-01 8.0000000000000004e-01 0.0000000000000000e+00 1.7034006207556864e-09
2.6666666666666666e-01 8.6666666666666670e-01 0.0000000000000000e+00 3.3650239586760216e-09
2.6666666666666666e-01 9.3333333333333335e-01 0.0000000000000000e+00 1.5693248714770219e-10
3.3333333333333331e-01 4.0000000000000002e-01 0.0000000000000000e+00 3.6833862636203643e-09
3.3333333333333331e-01 4.6666666666666667e-01 0.0000000000000000e+00 1.0230977584562066e-09
3.3333333333333331e-01 5.3333333333333333e-01 0.0000000000000000e+00 4.0636226565835881e-09
3.3333333333333331e-01 5.9999999999999998e-01 0.0000000000000000e+00 2.9648053343608171e-09
3.3333333333333331e-01 6.6666666666666663e-01 0.0000000000000000e+00 9.4984814142771970e-10
3.3333333333333331e-01 7.3333333333333328e-01 0.0000000000000000e+00 3.5315722800944527e-09
3.3333333333333331e-01 8.0000000000000004e-01 0.0000000000000000e+00 1.1653897228427435e-09
3.3333333333333331e-01 8.6666666666666670e-01 0.0000000000000000e+00 3.9149480484866332e-09
3.3333333333333331e-01 9.3333333333333335e-01 0.0000000000000000e+00 2.6360339636385937e-09
4.0000000000000002e-01 3.3333333333333331e-01 0.0000000000000000e+00 2.1658596406418329e-09
4.0000000000000002e-01 4.0000000000000002e-01 0.0000000000000000e+00 1.5003317521050755e-09
4.0000000000000002e-01 4.6666666666666667e-01 0.0000000000000000e+00 1.4933100097070504e-09
4.0000000000000002e-01 5.3333333333333333e-01 0.0000000000000000e+00 3.2531669685427449e-09
4.0000000000000002e-01 5.9999999999999998e-01 0.0000000000000000e+00 1.9932657605375725e-09
4.0000000000000002e-01 6.6666666666666663e-01 0.0000000000000000e+00 1.1293009676071654e-09
4.0000000000000002e-01 7.3333333333333328e-01 0.0000000000000000e+00 2.8239282296512685e-09
4.0000000000000002e-01 8.0000000000000004e-01 0.0000000000000000e+00 5.6787993618581669e-10
4.0000000000000002e-01 8.6666666666666670e-01 0.0000000000000000e+00 2.7638500684398313e-09
4.6666666666666667e-01 2.0000000000000001e-01 0.0000000000000000e+00 6.2011750456744939e-09
4.6666666666666667e-01 2.6666666666666666e-01 0.0000000000000000e+00 1.0617907804321763e-09
4.6666666666666667e-01 3.3333333333333331e-01 0.0000000000000000e+00 1.6406708128931200e-09
4.6666666666666667e-01 4.0000000000000002e-01 0.0000000000000000e+00 1.1119695984047407e-09
4.6666666666666667e-01 4.6666666666666667e-01 0.0000000000000000e+00 8.6696005335461132e-10
4.6666666666666667e-01 5.3333333333333333e-01 0.0000000000000000e+00 1.9378948580967728e-09
4.6666666666666667e-01 5.9999999999999998e-01 0.0000000000000000e+00 9.8427223571479932e-10
4.6666666666666667e-01 6.6666666666666663e-01 0.0000000000000000e+00 1.0515472788930560e-09
4.6666666666666667e-01 7.3333333333333328e-01 0.0000000000000000e+00 1.8397294147362175e-09
4.6666666666666667e-01 8.0000000000000004e-01 0.0000000000000000e+00 2.5574371421082419e-11
4.6666666666666667e-01 8.6666666666666670e-01 0.0000000000000000e+00 1.2591848086089549e-09
5.3333333333333333e-01 6.6666666666666666e-02 0.0000000000000000e+00 1.5455526280773846e-09
5.3333333333333333e-01 1.3333333333333333e-01 0.0000000000000000e+00 3.2895148895911939e-09
5.3333333333333333e-01 2.0000000000000001e-01 0.0000000000000000e+00 1.4540953536021192e-09
5.3333333333333333e-01 2.6666666666666666e-01 0.0000000000000000e+00 1.1027644837754721e-09
5.3333333333333333e-01 3.3333333333333331e-01 0.0000000000000000e+00 2.1012230190343863e-09
5.3333333333333333e-01 4.0000000000000002e-01 0.0000000000000000e+00 1.2188557103282455e-09
5.3333333333333333e-01 4.6666666666666667e-01 0.0000000000000000e+00 3.2135461010109196e-10
5.3333333333333333e-01 5.3333333333333333e-01 0.0000000000000000e+00 9.8968610694353162e-10
5.3333333333333333e-01 5.9999999999999998e-01 0.0000000000000000e+00 1.9856045346430672e-10
5.3333333333333333e-01 6.6666666666666663e-01 0.0000000000000000e+00 1.1065805919068522e-09
5.3333333333333333e-01 7.3333333333333328e-01 0.0000000000000000e+00 1.0343997250628394e-09
5.3333333333333333e-01 8.0000000000000004e-01 0.0000000000000000e+00 1.1154395996343985e-09
5.9999999999999998e-01 6.6666666666666666e-02 0.0000000000000000e+00 7.6921123989610138e-10
5.9999999999999998e-01 1.3333333333333333e-01 0.0000000000000000e+00 4.2420313066611384e-10
5.9999999999999998e-01 2.0000000000000001e-01 0.0000000000000000e+00 1.2776527292608895e-09
5.9999999999999998e-01 2.6666666666666666e-01 0.0000000000000000e+00 2.2836156731485385e-09
5.9999999999999998e-01 3.3333333333333331e-01 0.0000000000000000e+00 2.1914299157425467e-09
5.9999999999999998e-01 4.0000000000000002e-01 0.0000000000000000e+00 9.3121379703519485e-10
5.9999999999999998e-01 4.6666666666666667e-01 0.0000000000000000e+00 4.5495647693207307e-10
5.9999999999999998e-01 5.3333333333333333e-01 0.0000000000000000e+00 7.5117899428048041e-10
5.9999999999999998e-01 5.9999999999999998e-01 0.0000000000000000e+00 2.8726495073407060e-10
5.9999999999999998e-01 6.6666666666666663e-01 0.0000000000000000e+00 1.3218791820277272e-09
5.9999999999999998e-01 7.3333333333333328e-01 0.0000000000000000e+00 1.6917286260815462e-10
5.9999999999999998e-01 8.0000000000000004e-01 0.0000000000000000e+00 6.2475358220126509e-10
6.6666666666666663e-01 6.6666666666666666e-02 0.0000000000000000e+00 1.0665442991646184e-09
6.6666666666666663e-01 1.3333333333333333e-01 0.0000000000000000e+00 4.7500763906380446e-10
6.6666666666666663e-01 2.0000000000000001e-01 0.0000000000000000e+00 1.0025731159003314e-09
6.6666666666666663e-01 2.6666666666666666e-01 0.0000000000000000e+00 1.7249929355218885e-09
6.6666666666666663e-01 3.3333333333333331e-01 0.0000000000000000e+00 1.4352459848751995e-09
6.6666666666666663e-01 4.0000000000000002e-01 0.0000000000000000e+00 1.0321127134994991e-10
6.6666666666666663e-01 4.6666666666666667e-01 0.0000000000000000e+00 1.1229351443223981e-09
6.6666666666666663e-01 5.3333333333333333e-01 0.0000000000000000e+00 9.8672370197479178e-10
6.6666666666666663e-01 5.9999999999999998e-01 0.0000000000000000e+00 4.6205983354718603e-10
6.6666666666666663e-01 6.6666666666666663e-01 0.0000000000000000e+00 1.1751138550222456e-09
6.6666666666666663e-01 7.3333333333333328e-01 0.0000000000000000e+00 1.4575397866070604e-09
7.3333333333333328e-01 6.6666666666666666e-02 0.0000000000000000e+00 6.2796016401187246e-10
7.3333333333333328e-01 1.3333333333333333e-01 0.0000000000000000e+00 1.4379348687543510e-09
7.3333333333333328e-01 2.0000000000000001e-01 0.0000000000000000e+00 6.5995461389066463e-10
7.3333333333333328e-01 2.6666666666666666e-01 0.0000000000000000e+00 3.6262275105037466e-10
7.3333333333333328e-01 3.3333333333333331e-01 0.0000000000000000e+00 3.0601060460043709e-10
7.3333333333333328e-01 4.0000000000000002e-01 0.0000000000000000e+00 7.8377540912908498e-10
7.3333333333333328e-01 4.6666666666666667e-01 0.0000000000000000e+00 1.6244942479048243e-09
7.3333333333333328e-01 5.3333333333333333e-01 0.0000000000000000e+00 1.0325239505618702e-09
7.3333333333333328e-01 5.9999999999999998e-01 0.0000000000000000e+00 4.5163094570214791e-10
7.3333333333333328e-01 6.6666666666666663e-01 0.0000000000000000e+00 1.8583726726146342e-10
8.0000000000000004e-01 6.6666666666666666e-02 0.0000000000000000e+00 1.3167392277342843e-09
8.0000000000000004e-01 1.3333333333333333e-01 0.0000000000000000e+00 1.6553644256446108e-09
8.0000000000000004e-01 2.0000000000000001e-01 0.0000000000000000e+00 8.8941465204705836e-10
8.0000000000000004e-01 2.6666666666666666e-01 0.0000000000000000e+00 1.9604031676409044e-10
8.0000000000000004e-01 3.3333333333333331e-01 0.0000000000000000e+00 3.6901077908733106e-10
8.0000000000000004e-01 4.0000000000000002e-01 0.0000000000000000e+00 1.0319002548977066e-09
8.0000000000000004e-01 4.6666666666666667e-01 0.0000000000000000e+00 1.0348501611573137e-09
8.0000000000000004e-01 5.3333333333333333e-01 0.0000000000000000e+00 1.7416771925615541e-10
8.0000000000000004e-01 5.9999999999999998e-01 0.0000000000000000e+00 6.7418293170362631e-10
8.6666666666666670e-01 6.6666666666666666e-02 0.0000000000000000e+00 6.1848386285233563e-10
8.6666666666666670e-01 1.3333333333333333e-01 0.0000000000000000e+00 9.6431853476673985e-10
8.6666666666666670e-01 2.0000000000000001e-01 0.0000000000000000e+00 1.0115806200390903e-09
8.6666666666666670e-01 2.6666666666666666e-01 0.0000000000000000e+00 4.9206214340354782e-10
8.6666666666666670e-01 3.3333333333333331e-01 0.0000000000000000e+00 2.1280578827835611e-10
8.6666666666666670e-01 4.0000000000000002e-01 0.0000000000000000e+00 1.0829379188772392e-10
8.6666666666666670e-01 4.6666666666666667e-01 0.0000000000000000e+00 1.6565987061663900e-09
9.3333333333333335e-01 6.6666666666666666e-02 0.0000000000000000e+00 2.5237885639594801e-10
9.3333333333333335e-01 1.3333333333333333e-01 0.0000000000000000e+00 4.4861903132778781e-11
9.3333333333333335e-01 2.0000000000000001e-01 0.0000000000000000e+00 4.2548411374355824e-10
9.3333333333333335e-01 2.6666666666666666e-01 0.0000000000000000e+00 3.9885194237554519e-10
9.3333333333333335e-01 3.3333333333333331e-01 0.0000000000000000e+00 4.7843793513376095e-10
